galid,ra,dec,mag,sed_name,z,catsim_id,twinkles_system,twinkles_img_num
213934178332,53.052941,-27.7033144,21.1014594,agnSED/agn.spec.gz,0.48,208920096,24,0
213934179356,53.0523965,-27.7029225,22.6117574,agnSED/agn.spec.gz,0.48,208920097,24,1
233595183132,53.0834399,-27.7074247,21.8323018,agnSED/agn.spec.gz,0.66,228120296,74,0
233595184156,53.0837398,-27.7073037,21.5520337,agnSED/agn.spec.gz,0.66,228120297,74,1
485837983772,52.7858168,-27.3042272,20.0769006,agnSED/agn.spec.gz,0.75,474451156,289,0
485837984796,52.7859556,-27.3040117,21.9771421,agnSED/agn.spec.gz,0.75,474451157,289,1
551311822876,52.9699268,-27.4221909,20.3711495,agnSED/agn.spec.gz,0.69,538390452,113,0
551311823900,52.9698944,-27.4217391,22.2610059,agnSED/agn.spec.gz,0.69,538390453,113,1
785592844316,52.9006004,-27.2818658,22.7653619,agnSED/agn.spec.gz,0.62,767180512,128,0
785592845340,52.9006342,-27.2816335,23.6345518,agnSED/agn.spec.gz,0.62,767180513,128,1
794901004316,53.1284066,-27.5017185,22.6010005,agnSED/agn.spec.gz,0.62,776270512,128,0
794901005340,53.1284405,-27.5014862,23.507337,agnSED/agn.spec.gz,0.62,776270513,128,1
957522223132,52.8537806,-27.2302554,22.4991924,agnSED/agn.spec.gz,0.66,935080296,74,0
957522224156,52.8540792,-27.2301344,22.1263038,agnSED/agn.spec.gz,0.66,935080297,74,1
1072506978332,53.2552647,-27.5926263,21.5086093,agnSED/agn.spec.gz,0.48,1047370096,24,0
1072506979356,53.2547208,-27.5922344,22.9918115,agnSED/agn.spec.gz,0.48,1047370097,24,1
1257605247004,53.1403691,-27.6887546,23.3059286,agnSED/agn.spec.gz,0.62,1228130124,31,0
1257605248028,53.1410594,-27.6884676,22.7442967,agnSED/agn.spec.gz,0.62,1228130125,31,1
1257605249052,53.1410886,-27.6881537,22.5028609,agnSED/agn.spec.gz,0.62,1228130126,31,2
1257605250076,53.1404469,-27.6880567,23.5988453,agnSED/agn.spec.gz,0.62,1228130127,31,3
1302364684316,53.0173568,-27.5841959,22.3867826,agnSED/agn.spec.gz,0.62,1271840512,128,0
1302364685340,53.0173907,-27.5839635,23.170016,agnSED/agn.spec.gz,0.62,1271840513,128,1
1370163503132,53.2360842,-27.4607287,21.7000374,agnSED/agn.spec.gz,0.66,1338050296,74,0
1370163504156,53.2363834,-27.4606077,21.3918237,agnSED/agn.spec.gz,0.66,1338050297,74,1
2098411823132,52.9735542,-27.6448562,21.6724431,agnSED/agn.spec.gz,0.66,2049230296,74,0
2098411824156,52.9738539,-27.6447352,21.2196815,agnSED/agn.spec.gz,0.66,2049230297,74,1
2136914047004,52.8412748,-27.2085096,22.3451706,agnSED/agn.spec.gz,0.62,2086830124,31,0
2136914048028,52.841962,-27.2082227,22.0280872,agnSED/agn.spec.gz,0.62,2086830125,31,1
2136914049052,52.8419912,-27.2079087,21.7665389,agnSED/agn.spec.gz,0.62,2086830126,31,2
2136914050076,52.8413522,-27.2078117,23.3445525,agnSED/agn.spec.gz,0.62,2086830127,31,3
2379735674908,53.1732283,-27.5312824,23.3323577,agnSED/agn.spec.gz,0.86,2323960620,155,0
2379735675932,53.1725425,-27.5311963,22.8539042,agnSED/agn.spec.gz,0.86,2323960621,155,1
2379735676956,53.1731058,-27.5308019,21.1331114,agnSED/agn.spec.gz,0.86,2323960622,155,2
2379735677980,53.1732077,-27.5308391,20.9984706,agnSED/agn.spec.gz,0.86,2323960623,155,3
2481019007004,53.1322481,-27.4676273,23.1598547,agnSED/agn.spec.gz,0.62,2422870124,31,0
2481019008028,53.132937,-27.4673403,22.5180682,agnSED/agn.spec.gz,0.62,2422870125,31,1
2481019009052,53.1329662,-27.4670264,22.2511761,agnSED/agn.spec.gz,0.62,2422870126,31,2
2481019010076,53.1323257,-27.4669294,23.6248948,agnSED/agn.spec.gz,0.62,2422870127,31,3
2488791474204,53.1652298,-27.3738058,20.0496835,agnSED/agn.spec.gz,0.55,2430460424,106,0
2488791475228,53.1650344,-27.3737149,19.9378237,agnSED/agn.spec.gz,0.55,2430460425,106,1
2798520447004,52.9583796,-27.3796334,22.7651793,agnSED/agn.spec.gz,0.62,2732930124,31,0
2798520448028,52.959068,-27.3793464,22.2709172,agnSED/agn.spec.gz,0.62,2732930125,31,1
2798520449052,52.9590972,-27.3790325,21.9895512,agnSED/agn.spec.gz,0.62,2732930126,31,2
2798520450076,52.9584572,-27.3789355,23.4225585,agnSED/agn.spec.gz,0.62,2732930127,31,3
2857799737372,53.0919706,-27.2312169,18.6952693,agnSED/agn.spec.gz,1.33,2790820056,14,0
2857799738396,53.0923367,-27.2313218,20.5088549,agnSED/agn.spec.gz,1.33,2790820057,14,1
3311739404316,53.0180559,-27.6503933,22.0903141,agnSED/agn.spec.gz,0.62,3234120512,128,0
3311739405340,53.0180898,-27.650161,23.0223746,agnSED/agn.spec.gz,0.62,3234120513,128,1
3642798452764,53.0603108,-27.7229494,21.3171279,agnSED/agn.spec.gz,0.61,3557420364,91,0
3642798453788,53.0604071,-27.7226023,23.2217419,agnSED/agn.spec.gz,0.61,3557420365,91,1
3770358276124,53.1623008,-27.4350777,20.5983604,agnSED/agn.spec.gz,0.91,3681990504,126,0
3770358277148,53.162553,-27.435073,21.9802869,agnSED/agn.spec.gz,0.91,3681990505,126,1
4190905962524,53.06131,-27.5833915,22.0958172,agnSED/agn.spec.gz,1.57,4092681604,401,0
4190905963548,53.061363,-27.5832491,23.0576849,agnSED/agn.spec.gz,1.57,4092681605,401,1
4388301025308,52.9708861,-27.2619857,20.4103838,agnSED/agn.spec.gz,0.49,4285450220,55,0
4388301026332,52.970482,-27.2618393,22.7214213,agnSED/agn.spec.gz,0.49,4285450221,55,1
4462111924252,52.9147854,-27.4641464,22.2757596,agnSED/agn.spec.gz,1.31,4357531176,294,0
4462111925276,52.9147868,-27.4639729,21.6034292,agnSED/agn.spec.gz,1.31,4357531177,294,1
4951706099740,53.1429386,-27.6897325,22.9747901,agnSED/agn.spec.gz,1.42,4835650488,122,0
4951706100764,53.1432006,-27.6896478,22.5020611,agnSED/agn.spec.gz,1.42,4835650489,122,1
4951788404764,53.2570454,-27.2711342,21.3155086,agnSED/agn.spec.gz,1.49,4835730864,216,0
4951788405788,53.25657,-27.2708058,21.3971726,agnSED/agn.spec.gz,1.49,4835730865,216,1
4951788406812,53.2573799,-27.2705745,22.202938,agnSED/agn.spec.gz,1.49,4835730866,216,2
4951788407836,53.2566817,-27.270299,21.3952584,agnSED/agn.spec.gz,1.49,4835730867,216,3
6895647969308,53.1820416,-27.3504859,23.0492098,agnSED/agn.spec.gz,1.33,6734031220,305,0
6895647970332,53.1818128,-27.35028,21.7852526,agnSED/agn.spec.gz,1.33,6734031221,305,1
7297218994204,52.9008526,-27.2822603,20.0941268,agnSED/agn.spec.gz,0.55,7126190424,106,0
7297218995228,52.9006573,-27.2821694,20.0756011,agnSED/agn.spec.gz,0.55,7126190425,106,1
7323228532764,53.0651353,-27.4797751,21.5242921,agnSED/agn.spec.gz,0.61,7151590364,91,0
7323228533788,53.0652314,-27.479428,23.4237658,agnSED/agn.spec.gz,0.61,7151590365,91,1
7911066005532,53.1364801,-27.5111054,23.4789865,agnSED/agn.spec.gz,1.18,7725650396,99,0
7911066006556,53.1366863,-27.5110816,21.7145694,agnSED/agn.spec.gz,1.18,7725650397,99,1
9284618874908,53.1588286,-27.6159179,22.8992638,agnSED/agn.spec.gz,0.86,9067010620,155,0
9284618875932,53.1581423,-27.6158318,22.5840994,agnSED/agn.spec.gz,0.86,9067010621,155,1
9284618876956,53.158706,-27.6154374,20.8739029,agnSED/agn.spec.gz,0.86,9067010622,155,2
9284618877980,53.158808,-27.6154746,20.7393145,agnSED/agn.spec.gz,0.86,9067010623,155,3
9343048839196,52.7937229,-27.4787565,22.2314832,agnSED/agn.spec.gz,1.04,9124071132,283,0
9343048840220,52.7940026,-27.4787298,22.0338174,agnSED/agn.spec.gz,1.04,9124071133,283,1
10375599972380,53.1355905,-27.1720103,23.4615141,agnSED/agn.spec.gz,2.47,10132421848,462,0
10375599973404,53.1350794,-27.1719163,22.9923148,agnSED/agn.spec.gz,2.47,10132421849,462,1
10732892721180,53.3095412,-27.5705119,23.4826973,agnSED/agn.spec.gz,1.63,10481340548,137,0
10732892722204,53.309867,-27.5705147,22.409484,agnSED/agn.spec.gz,1.63,10481340549,137,1
11289805434908,53.2022062,-27.4866718,23.5628981,agnSED/agn.spec.gz,0.86,11025200620,155,0
11289805435932,53.2015207,-27.4865858,23.0472438,agnSED/agn.spec.gz,0.86,11025200621,155,1
11289805436956,53.2020838,-27.4861914,21.5204383,agnSED/agn.spec.gz,0.86,11025200622,155,2
11289805437980,53.2021856,-27.4862285,21.3859731,agnSED/agn.spec.gz,0.86,11025200623,155,3
11399077867548,53.0425478,-27.3549498,23.2978471,agnSED/agn.spec.gz,3.26,11131911980,495,0
11399077868572,53.0424059,-27.3547367,23.436663,agnSED/agn.spec.gz,3.26,11131911981,495,1
12729785565212,52.9252951,-27.5212805,23.1622147,agnSED/agn.spec.gz,1.15,12431431216,304,0
12729785566236,52.9251572,-27.5209601,22.6171936,agnSED/agn.spec.gz,1.15,12431431217,304,1
13159835463708,53.2124703,-27.3367656,21.8113983,agnSED/agn.spec.gz,1.92,12851401820,455,0
13159835464732,53.2121765,-27.3366349,21.4997231,agnSED/agn.spec.gz,1.92,12851401821,455,1
13159835465756,53.2127649,-27.3364613,21.7922632,agnSED/agn.spec.gz,1.92,12851401822,455,2
13159835466780,53.2123648,-27.3363118,22.0410175,agnSED/agn.spec.gz,1.92,12851401823,455,3
13205637955612,52.7950123,-27.2506158,21.6285586,agnSED/agn.spec.gz,1.44,12896130816,204,0
13205637956636,52.7953882,-27.2504179,22.3059476,agnSED/agn.spec.gz,1.44,12896130817,204,1
13205637957660,52.7948519,-27.2503984,21.8509154,agnSED/agn.spec.gz,1.44,12896130818,204,2
13205637958684,52.7951208,-27.2501246,21.7912335,agnSED/agn.spec.gz,1.44,12896130819,204,3
13214803370012,53.02945,-27.5051659,20.9656159,agnSED/agn.spec.gz,1.84,12905081416,354,0
13214803371036,53.0291448,-27.5050132,23.1949544,agnSED/agn.spec.gz,1.84,12905081417,354,1
13740514000924,52.7482408,-27.2624587,22.8123368,agnSED/agn.spec.gz,0.74,13418470704,176,0
13740514001948,52.7478898,-27.2622833,23.5652046,agnSED/agn.spec.gz,0.74,13418470705,176,1
14512602247196,53.1660325,-27.1960132,22.1796341,agnSED/agn.spec.gz,2.06,14172463132,783,0
14512602248220,53.1661922,-27.1959648,21.3111388,agnSED/agn.spec.gz,2.06,14172463133,783,1
15328051519516,52.8864965,-27.6640706,22.014533,agnSED/agn.spec.gz,1.97,14968800312,78,0
15328051520540,52.8861092,-27.663752,21.1223112,agnSED/agn.spec.gz,1.97,14968800313,78,1
15513426296860,52.9117146,-27.265693,21.6669281,agnSED/agn.spec.gz,1.18,15149830368,92,0
15513426297884,52.9117476,-27.2651644,21.2145759,agnSED/agn.spec.gz,1.18,15149830369,92,1
15629179510812,52.786899,-27.6348829,21.4465157,agnSED/agn.spec.gz,1.07,15262870616,154,0
15629179511836,52.7862986,-27.634732,20.5760088,agnSED/agn.spec.gz,1.07,15262870617,154,1
15649466429468,53.25937,-27.3407359,22.8460333,agnSED/agn.spec.gz,1.44,15282682060,515,0
15649466430492,53.2592827,-27.3405497,23.4131657,agnSED/agn.spec.gz,1.44,15282682061,515,1
16800471343132,52.7808836,-27.4346371,22.2940175,agnSED/agn.spec.gz,0.66,16406710296,74,0
16800471344156,52.7811827,-27.4345161,21.8000386,agnSED/agn.spec.gz,0.66,16406710297,74,1
18375711395868,53.1097819,-27.5598711,21.1179559,agnSED/agn.spec.gz,1.34,17945030660,165,0
18375711396892,53.1097261,-27.5594877,21.1686712,agnSED/agn.spec.gz,1.34,17945030661,165,1
18375732842524,52.7998809,-27.5616703,22.1813433,agnSED/agn.spec.gz,1.57,17945051604,401,0
18375732843548,52.7999338,-27.561528,23.1724688,agnSED/agn.spec.gz,1.57,17945051605,401,1
19624450109468,52.8231637,-27.2808257,23.6754754,agnSED/agn.spec.gz,1.44,19164502060,515,0
19624450110492,52.8230765,-27.2806395,23.8132668,agnSED/agn.spec.gz,1.44,19164502061,515,1
19946035519516,53.2418519,-27.2262327,22.2121083,agnSED/agn.spec.gz,1.97,19478550312,78,0
19946035520540,53.2414662,-27.2259142,21.3628457,agnSED/agn.spec.gz,1.97,19478550313,78,1
20034993156124,53.1669477,-27.7040227,23.0913661,agnSED/agn.spec.gz,2.41,19565423004,751,0
20034993157148,53.1670815,-27.7038725,23.2199159,agnSED/agn.spec.gz,2.41,19565423005,751,1
21586831884316,52.748133,-27.2627354,23.4456196,agnSED/agn.spec.gz,0.62,21080890512,128,0
21586831885340,52.7481669,-27.2625031,24.1988847,agnSED/agn.spec.gz,0.62,21080890513,128,1
21686651007004,53.1730852,-27.6695706,22.6437719,agnSED/agn.spec.gz,0.62,21178370124,31,0
21686651008028,53.1737753,-27.6692837,22.3520461,agnSED/agn.spec.gz,0.62,21178370125,31,1
21686651009052,53.1738046,-27.6689698,21.951444,agnSED/agn.spec.gz,0.62,21178370126,31,2
21686651010076,53.1731629,-27.6688727,23.3756827,agnSED/agn.spec.gz,0.62,21178370127,31,3
21758535790620,52.9198149,-27.4274938,20.9295595,agnSED/agn.spec.gz,1.54,21248570108,27,0
21758535791644,52.9203405,-27.4266615,19.3096617,agnSED/agn.spec.gz,1.54,21248570109,27,1
22156258639900,53.1460122,-27.2192781,23.2384038,agnSED/agn.spec.gz,1.57,21636971328,332,0
22156258640924,53.1458446,-27.2189988,23.6257691,agnSED/agn.spec.gz,1.57,21636971329,332,1
22832322617372,52.9596881,-27.6572985,18.5882669,agnSED/agn.spec.gz,1.33,22297190056,14,0
22832322618396,52.9600556,-27.6574034,20.3990107,agnSED/agn.spec.gz,1.33,22297190057,14,1
23078698098716,53.0247248,-27.6721281,20.9672675,agnSED/agn.spec.gz,1.59,22537791112,278,0
23078698099740,53.0248675,-27.6719005,21.1003037,agnSED/agn.spec.gz,1.59,22537791113,278,1
23265218875420,52.7495784,-27.3058894,20.5085828,agnSED/agn.spec.gz,1.52,22719940308,77,0
23265218876444,52.7490044,-27.3056906,21.5205232,agnSED/agn.spec.gz,1.52,22719940309,77,1
23333130735644,52.7329208,-27.5509202,21.4727172,agnSED/agn.spec.gz,3.73,22786260484,121,0
23333130736668,52.7326809,-27.5506327,21.1013879,agnSED/agn.spec.gz,3.73,22786260485,121,1
23753135505436,52.977583,-27.628391,18.8114044,agnSED/agn.spec.gz,1.87,23196421392,348,0
23753135506460,52.9771207,-27.6284314,20.7016775,agnSED/agn.spec.gz,1.87,23196421393,348,1
24537958580252,52.7100535,-27.4027876,20.3820432,agnSED/agn.spec.gz,0.8,23962850176,44,0
24537958581276,52.7102773,-27.4025105,22.7519229,agnSED/agn.spec.gz,0.8,23962850177,44,1
25132237119516,53.2581411,-27.2386339,22.3114381,agnSED/agn.spec.gz,1.97,24543200312,78,0
25132237120540,53.2577553,-27.2383154,21.4122358,agnSED/agn.spec.gz,1.97,24543200313,78,1
25553121636380,53.0851346,-27.1483034,21.258689,agnSED/agn.spec.gz,0.82,24954220348,87,0
25553121637404,53.085286,-27.1483555,23.0105001,agnSED/agn.spec.gz,0.82,24954220349,87,1
25751247556636,53.3081794,-27.322195,23.9447598,agnSED/agn.spec.gz,2.06,25147702692,673,0
25751247557660,53.3083865,-27.3222627,23.5666298,agnSED/agn.spec.gz,2.06,25147702693,673,1
25753336651804,53.0164079,-27.2841411,23.3486084,agnSED/agn.spec.gz,2.71,25149742824,706,0
25753336652828,53.016127,-27.2836414,23.9271454,agnSED/agn.spec.gz,2.71,25149742825,706,1
25753336653852,53.0167552,-27.2838277,22.6985494,agnSED/agn.spec.gz,2.71,25149742826,706,2
25753336654876,53.0166908,-27.2835491,22.7865825,agnSED/agn.spec.gz,2.71,25149742827,706,3
26111785263132,53.1729911,-27.5814134,21.6442809,agnSED/agn.spec.gz,0.66,25499790296,74,0
26111785264156,53.1732907,-27.5812924,21.3210213,agnSED/agn.spec.gz,0.66,25499790297,74,1
26652744515612,53.0652662,-27.5867107,22.2252564,agnSED/agn.spec.gz,1.44,26028070816,204,0
26652744516636,53.0656432,-27.5865129,22.9363142,agnSED/agn.spec.gz,1.44,26028070817,204,1
26652744517660,53.0651053,-27.5864933,22.4463368,agnSED/agn.spec.gz,1.44,26028070818,204,2
26652744518684,53.0653751,-27.5862195,22.3895052,agnSED/agn.spec.gz,1.44,26028070819,204,3
27245824720924,53.240325,-27.6069276,22.7069142,agnSED/agn.spec.gz,0.74,26607250704,176,0
27245824721948,53.2399729,-27.6067522,23.4667814,agnSED/agn.spec.gz,0.74,26607250705,176,1
27246421110812,52.933156,-27.7031271,21.6353592,agnSED/agn.spec.gz,2.62,26607833116,779,0
27246421111836,52.9332745,-27.7030331,22.7597178,agnSED/agn.spec.gz,2.62,26607833117,779,1
27246421112860,52.9330842,-27.7030073,22.5001858,agnSED/agn.spec.gz,2.62,26607833118,779,2
27246421113884,52.9332041,-27.702839,21.9544777,agnSED/agn.spec.gz,2.62,26607833119,779,3
27307101425692,53.0571477,-27.3511869,20.9249928,agnSED/agn.spec.gz,2.62,26667091236,309,0
27307101426716,53.0571412,-27.3507808,20.1990786,agnSED/agn.spec.gz,2.62,26667091237,309,1
28184117391388,52.828717,-27.3332627,21.5932806,agnSED/agn.spec.gz,1.51,27523552140,535,0
28184117392412,52.8284791,-27.33301,21.9038551,agnSED/agn.spec.gz,1.51,27523552141,535,1
28184117393436,52.8289294,-27.3329703,21.793477,agnSED/agn.spec.gz,1.51,27523552142,535,2
28184117394460,52.8287148,-27.3327956,21.4492115,agnSED/agn.spec.gz,1.51,27523552143,535,3
28292977983516,52.7223533,-27.3847859,24.1727649,agnSED/agn.spec.gz,1.57,27629861312,328,0
28292977984540,52.722328,-27.3844452,21.9828964,agnSED/agn.spec.gz,1.57,27629861313,328,1
28355155324956,52.9365093,-27.405485,22.5530316,agnSED/agn.spec.gz,1.97,27690581372,343,0
28355155325980,52.9359646,-27.4053484,23.4127114,agnSED/agn.spec.gz,1.97,27690581373,343,1
28765801148444,52.833645,-27.6265408,23.6738042,agnSED/agn.spec.gz,1.92,28091602684,671,0
28765801149468,52.8338603,-27.6264031,24.0669371,agnSED/agn.spec.gz,1.92,28091602685,671,1
28765801150492,52.8334873,-27.6263737,23.8447217,agnSED/agn.spec.gz,1.92,28091602686,671,2
28765801151516,52.8336697,-27.6262012,23.9288227,agnSED/agn.spec.gz,1.92,28091602687,671,3
29077793632284,52.7623752,-27.2722889,23.1366519,agnSED/agn.spec.gz,2.35,28396282844,711,0
29077793633308,52.7625838,-27.2721525,23.5501195,agnSED/agn.spec.gz,2.35,28396282845,711,1
29077793634332,52.762218,-27.2720739,23.7069483,agnSED/agn.spec.gz,2.35,28396282846,711,2
29077793635356,52.7624582,-27.2718989,23.3872984,agnSED/agn.spec.gz,2.35,28396282847,711,3
29488395182108,52.9512801,-27.5137484,23.5726232,agnSED/agn.spec.gz,3.44,28797260920,230,0
29488395183132,52.9517287,-27.5134179,22.5687127,agnSED/agn.spec.gz,3.44,28797260921,230,1
29651416145948,52.9884196,-27.3976831,23.4864922,agnSED/agn.spec.gz,2.26,28956461080,270,0
29651416146972,52.9880669,-27.3967573,22.6216687,agnSED/agn.spec.gz,2.26,28956461081,270,1
29909893857308,52.865227,-27.2589805,22.9538191,agnSED/agn.spec.gz,1.63,29208880720,180,0
29909893858332,52.8656802,-27.2588921,22.5108148,agnSED/agn.spec.gz,1.63,29208880721,180,1
29919785594908,52.8237707,-27.4262075,22.610167,agnSED/agn.spec.gz,0.86,29218540620,155,0
29919785595932,52.8230855,-27.4261215,22.5912842,agnSED/agn.spec.gz,0.86,29218540621,155,1
29919785596956,52.8236483,-27.4257271,20.5315438,agnSED/agn.spec.gz,0.86,29218540622,155,2
29919785597980,52.82375,-27.4257642,20.3970144,agnSED/agn.spec.gz,0.86,29218540623,155,3
30781379153948,53.0433162,-27.3047791,22.9385255,agnSED/agn.spec.gz,2.69,30059940580,145,0
30781379154972,53.0433827,-27.3046091,22.5493873,agnSED/agn.spec.gz,2.69,30059940581,145,1
32073279549468,52.9701843,-27.554731,23.1563369,agnSED/agn.spec.gz,1.44,31321562060,515,0
32073279550492,52.9700969,-27.5545448,23.675193,agnSED/agn.spec.gz,1.44,31321562061,515,1
32540838379548,52.9327677,-27.2868119,24.3314307,agnSED/agn.spec.gz,1.97,31778162480,620,0
32540838380572,52.9325826,-27.2866817,22.7939203,agnSED/agn.spec.gz,1.97,31778162481,620,1
32540838381596,52.9330086,-27.2866148,23.2742242,agnSED/agn.spec.gz,1.97,31778162482,620,2
32540838382620,52.9327022,-27.2865589,23.5760457,agnSED/agn.spec.gz,1.97,31778162483,620,3
32659395588124,52.7834239,-27.2870193,23.3917414,agnSED/agn.spec.gz,2.04,31893941004,251,0
32659395589148,52.7829155,-27.2865197,23.5951165,agnSED/agn.spec.gz,2.04,31893941005,251,1
32904880582684,53.0130789,-27.2385208,21.7733302,agnSED/agn.spec.gz,1.36,32133672444,611,0
32904880583708,53.013168,-27.2384758,22.1854525,agnSED/agn.spec.gz,1.36,32133672445,611,1
32904880584732,53.0130761,-27.2384246,22.5253648,agnSED/agn.spec.gz,1.36,32133672446,611,2
32904880585756,53.0131629,-27.2384025,21.4855844,agnSED/agn.spec.gz,1.36,32133672447,611,3
32932589236252,52.9229932,-27.4562194,19.4975462,agnSED/agn.spec.gz,1.19,32160731676,419,0
32932589237276,52.9231654,-27.4558867,20.9200561,agnSED/agn.spec.gz,1.19,32160731677,419,1
32932598698012,52.9247643,-27.6833125,20.7327229,agnSED/agn.spec.gz,1.12,32160740916,229,0
32932598699036,52.9244785,-27.6832061,19.5550422,agnSED/agn.spec.gz,1.12,32160740917,229,1
33246005190684,53.0984534,-27.5674339,23.6954319,agnSED/agn.spec.gz,2.0,32466801944,486,0
33246005191708,53.0982496,-27.5673272,24.0368067,agnSED/agn.spec.gz,2.0,32466801945,486,1
33246005192732,53.0985446,-27.5672489,24.1669314,agnSED/agn.spec.gz,2.0,32466801946,486,2
33246005193756,53.0983203,-27.5671218,23.8048397,agnSED/agn.spec.gz,2.0,32466801947,486,3
35088722219036,53.0800759,-27.3145027,22.5196245,agnSED/agn.spec.gz,1.14,34266330292,73,0
35088722220060,53.080422,-27.3144916,23.1427785,agnSED/agn.spec.gz,1.14,34266330293,73,1
35658744147996,53.0264519,-27.5121343,22.9027641,agnSED/agn.spec.gz,1.99,34822992332,583,0
35658744149020,53.0268063,-27.5121188,24.9522754,agnSED/agn.spec.gz,1.99,34822992333,583,1
35658744150044,53.0264894,-27.5119396,22.9158405,agnSED/agn.spec.gz,1.99,34822992334,583,2
35658744151068,53.0266701,-27.5118194,22.9790516,agnSED/agn.spec.gz,1.99,34822992335,583,3
35727575994396,52.9920228,-27.5860462,21.305548,agnSED/agn.spec.gz,2.42,34890210932,233,0
35727575995420,52.9922368,-27.5859333,19.9584499,agnSED/agn.spec.gz,2.42,34890210933,233,1
35737142558748,53.1835938,-27.5285443,22.5561714,agnSED/agn.spec.gz,2.6,34899553280,820,0
35737142559772,53.1837189,-27.5285439,23.8300991,agnSED/agn.spec.gz,2.6,34899553281,820,1
35737142560796,53.183652,-27.5284549,22.9150205,agnSED/agn.spec.gz,2.6,34899553282,820,2
35737142561820,53.183731,-27.528451,22.2677122,agnSED/agn.spec.gz,2.6,34899553283,820,3
35990561460252,52.9681491,-27.3503859,22.3918933,agnSED/agn.spec.gz,1.71,35147032676,669,0
35990561461276,52.9682465,-27.3505605,23.6204992,agnSED/agn.spec.gz,1.71,35147032677,669,1
36498360844316,53.3027436,-27.5226698,22.6006554,agnSED/agn.spec.gz,0.62,35642930512,128,0
36498360845340,53.3027775,-27.5224374,23.5374316,agnSED/agn.spec.gz,0.62,35642930513,128,1
39013120065564,52.8798116,-27.6499754,22.9056379,agnSED/agn.spec.gz,2.77,38098750064,16,0
39013120066588,52.8795373,-27.6494446,22.8451391,agnSED/agn.spec.gz,2.77,38098750065,16,1
39123407831068,53.2220028,-27.3567921,23.8110904,agnSED/agn.spec.gz,4.13,38206452960,740,0
39123407832092,53.2218255,-27.3570777,22.5998092,agnSED/agn.spec.gz,4.13,38206452961,740,1
40078737387548,52.9528432,-27.4845646,23.2092155,agnSED/agn.spec.gz,3.26,39139391980,495,0
40078737388572,52.9527012,-27.4843515,23.3593217,agnSED/agn.spec.gz,3.26,39139391981,495,1
40384594456604,53.0931551,-27.620609,22.5821693,agnSED/agn.spec.gz,1.75,39438080524,131,0
40384594457628,53.0928519,-27.6202774,23.0852268,agnSED/agn.spec.gz,1.75,39438080525,131,1
42598165856284,52.8577305,-27.2859084,21.1211794,agnSED/agn.spec.gz,0.9,41599771344,336,0
42598165857308,52.8576702,-27.2856923,21.4134666,agnSED/agn.spec.gz,0.9,41599771345,336,1
42728920137756,53.0665733,-27.2871616,21.688695,agnSED/agn.spec.gz,1.06,41727461072,268,0
42728920138780,53.0663422,-27.2871741,23.3282613,agnSED/agn.spec.gz,1.06,41727461073,268,1
43943209652252,52.9270225,-27.5502711,21.0242065,agnSED/agn.spec.gz,1.18,42913290676,169,0
43943209653276,52.9264667,-27.5500233,21.37253,agnSED/agn.spec.gz,1.18,42913290677,169,1
43943209654300,52.9271442,-27.549668,21.671347,agnSED/agn.spec.gz,1.18,42913290678,169,2
43943209655324,52.9264922,-27.5494469,21.0522097,agnSED/agn.spec.gz,1.18,42913290679,169,3
44005399924764,53.3230422,-27.5186575,22.8584171,agnSED/agn.spec.gz,2.98,42974023364,841,0
44005399925788,53.3230188,-27.5185029,23.1528071,agnSED/agn.spec.gz,2.98,42974023365,841,1
44132056678428,53.0679119,-27.4822557,23.918165,agnSED/agn.spec.gz,2.88,43097711600,400,0
44132056679452,53.067534,-27.4826287,23.3983796,agnSED/agn.spec.gz,2.88,43097711601,400,1
44593419374620,53.0868404,-27.3976962,22.733655,agnSED/agn.spec.gz,1.55,43548261108,277,0
44593419375644,53.0873547,-27.3975201,23.1945673,agnSED/agn.spec.gz,1.55,43548261109,277,1
44593419376668,53.0868329,-27.3971768,23.8967589,agnSED/agn.spec.gz,1.55,43548261110,277,2
44593419377692,53.0874126,-27.3970964,22.7017742,agnSED/agn.spec.gz,1.55,43548261111,277,3
45146074071068,53.0012403,-27.3003255,23.9740051,agnSED/agn.spec.gz,4.13,44087962960,740,0
45146074072092,53.0010631,-27.3006111,22.8675216,agnSED/agn.spec.gz,4.13,44087962961,740,1
45850553671708,52.7622273,-27.4796801,20.3705556,agnSED/agn.spec.gz,1.25,44775931320,330,0
45850553672732,52.7621005,-27.479339,20.9635387,agnSED/agn.spec.gz,1.25,44775931321,330,1
47790284922908,53.003782,-27.6536293,20.4398163,agnSED/agn.spec.gz,1.11,46670200120,30,0
47790284923932,53.0037175,-27.6534317,21.2305226,agnSED/agn.spec.gz,1.11,46670200121,30,1
47807601397788,53.24575,-27.4597922,20.8013097,agnSED/agn.spec.gz,1.76,46687110740,185,0
47807601398812,53.2456913,-27.4593836,22.0652527,agnSED/agn.spec.gz,1.76,46687110741,185,1
49406668812316,52.7896307,-27.403878,21.7131276,agnSED/agn.spec.gz,1.89,48248700012,3,0
49406668813340,52.7892061,-27.4035545,21.5920263,agnSED/agn.spec.gz,1.89,48248700013,3,1
49492941434908,52.8094822,-27.6646693,23.5036335,agnSED/agn.spec.gz,0.86,48332950620,155,0
49492941435932,52.8087956,-27.6645832,23.0003455,agnSED/agn.spec.gz,0.86,48332950621,155,1
49492941436956,52.8093595,-27.6641888,21.2159533,agnSED/agn.spec.gz,0.86,48332950622,155,2
49492941437980,52.8094615,-27.664226,21.0813754,agnSED/agn.spec.gz,0.86,48332950623,155,3
50908621512732,53.0985004,-27.6242029,23.6314313,agnSED/agn.spec.gz,1.64,49715450696,174,0
50908621513756,53.0980287,-27.6242919,23.1892393,agnSED/agn.spec.gz,1.64,49715450697,174,1
51454915465244,53.3363719,-27.5094984,19.9802268,agnSED/agn.spec.gz,1.69,50248940884,221,0
51454915466268,53.3364299,-27.5092471,22.2257737,agnSED/agn.spec.gz,1.69,50248940885,221,1
51454966525980,52.8961664,-27.1652463,19.1285339,agnSED/agn.spec.gz,2.26,50248990748,187,0
51454966527004,52.8960024,-27.1649161,20.6719194,agnSED/agn.spec.gz,2.26,50248990749,187,1
52009881600028,53.0788417,-27.4636998,22.2363481,agnSED/agn.spec.gz,1.19,50790900000,0,0
52009881601052,53.0792873,-27.4638729,23.604352,agnSED/agn.spec.gz,1.19,50790900001,0,1
52009902485532,53.2116105,-27.4581545,23.6366891,agnSED/agn.spec.gz,1.18,50790920396,99,0
52009902486556,53.2118165,-27.4581307,21.8246938,agnSED/agn.spec.gz,1.18,50790920397,99,1
53936774864924,52.9170865,-27.6096121,22.3730906,agnSED/agn.spec.gz,3.26,52672631704,426,0
53936774865948,52.9174667,-27.6094442,23.8517924,agnSED/agn.spec.gz,3.26,52672631705,426,1
54727703228444,52.8337643,-27.5324791,23.1312112,agnSED/agn.spec.gz,1.92,53445022684,671,0
54727703229468,52.8339794,-27.5323415,23.7232154,agnSED/agn.spec.gz,1.92,53445022685,671,1
54727703230492,52.8336067,-27.532312,23.4366521,agnSED/agn.spec.gz,1.92,53445022686,671,2
54727703231516,52.833789,-27.5321396,23.3408856,agnSED/agn.spec.gz,1.92,53445022687,671,3
58180097388572,52.7627609,-27.3869366,23.4603578,agnSED/agn.spec.gz,2.2,56816501356,339,0
58180097389596,52.7623591,-27.3868366,24.41589,agnSED/agn.spec.gz,2.2,56816501357,339,1
58180097390620,52.762744,-27.3866447,23.5799733,agnSED/agn.spec.gz,2.2,56816501358,339,2
58180097391644,52.7624475,-27.3865053,23.4104867,agnSED/agn.spec.gz,2.2,56816501359,339,3
58574173376540,53.1367052,-27.5592733,19.5858554,agnSED/agn.spec.gz,1.03,57201341188,297,0
58574173377564,53.1367903,-27.5591194,20.9873137,agnSED/agn.spec.gz,1.03,57201341189,297,1
58767105159196,53.2414353,-27.4289329,22.4049415,agnSED/agn.spec.gz,1.04,57389751132,283,0
58767105160220,53.241715,-27.4289062,22.1602117,agnSED/agn.spec.gz,1.04,57389751133,283,1
58770473316380,52.8953245,-27.4532626,20.9286956,agnSED/agn.spec.gz,0.82,57393040348,87,0
58770473317404,52.8954763,-27.4533147,22.6834475,agnSED/agn.spec.gz,0.82,57393040349,87,1
60880743206940,52.8434911,-27.5262052,23.2606191,agnSED/agn.spec.gz,2.47,59453850788,197,0
60880743207964,52.8434977,-27.5260616,23.6436932,agnSED/agn.spec.gz,2.47,59453850789,197,1
60880743208988,52.8437769,-27.5257632,23.8033464,agnSED/agn.spec.gz,2.47,59453850790,197,2
60880743210012,52.8439532,-27.5261572,26.4510324,agnSED/agn.spec.gz,2.47,59453850791,197,3
61163551825948,52.7339755,-27.5230451,23.4792241,agnSED/agn.spec.gz,2.26,59730031080,270,0
61163551826972,52.7336224,-27.5221193,22.6159309,agnSED/agn.spec.gz,2.26,59730031081,270,1
63041474859036,52.9421864,-27.5903819,22.8874305,agnSED/agn.spec.gz,1.14,61563940292,73,0
63041474860060,52.9425334,-27.5903708,23.5432027,agnSED/agn.spec.gz,1.14,61563940293,73,1
64003052765212,52.9605547,-27.4866156,22.9591237,agnSED/agn.spec.gz,1.15,62502981216,304,0
64003052766236,52.9604169,-27.4862952,22.4024589,agnSED/agn.spec.gz,1.15,62502981217,304,1
65451141750812,52.7732829,-27.4222186,21.7881,agnSED/agn.spec.gz,1.07,63917130616,154,0
65451141751836,52.7726836,-27.4220677,21.0470555,agnSED/agn.spec.gz,1.07,63917130617,154,1
65746883047452,52.8939367,-27.1671666,22.7864488,agnSED/agn.spec.gz,1.56,64205940476,119,0
65746883048476,52.8945226,-27.1667937,22.7709551,agnSED/agn.spec.gz,1.56,64205940477,119,1
65842239094812,52.8610912,-27.6138449,23.3585262,agnSED/agn.spec.gz,2.03,64299061616,404,0
65842239095836,52.8612512,-27.613671,22.9947842,agnSED/agn.spec.gz,2.03,64299061617,404,1
70827715072028,53.1669523,-27.6841988,21.0725719,agnSED/agn.spec.gz,2.2,69167690500,125,0
70827715073052,53.1667263,-27.6843414,23.4836061,agnSED/agn.spec.gz,2.2,69167690501,125,1
74022032519196,53.2171049,-27.2612215,22.456302,agnSED/agn.spec.gz,1.04,72287141132,283,0
74022032520220,53.2173841,-27.2611947,22.2420073,agnSED/agn.spec.gz,1.04,72287141133,283,1
76910859014172,53.0006777,-27.5937706,21.7959255,agnSED/agn.spec.gz,1.35,75108260756,189,0
76910859015196,53.0008202,-27.5933796,21.0753962,agnSED/agn.spec.gz,1.35,75108260757,189,1
80809095868444,52.7680946,-27.4306433,22.821733,agnSED/agn.spec.gz,1.92,78915132684,671,0
80809095869468,52.7683096,-27.4305057,23.3036213,agnSED/agn.spec.gz,1.92,78915132685,671,1
80809095870492,52.7679373,-27.4304762,23.1232669,agnSED/agn.spec.gz,1.92,78915132686,671,2
80809095871516,52.7681193,-27.4303038,23.0593747,agnSED/agn.spec.gz,1.92,78915132687,671,3
81032049954844,52.8485729,-27.3925292,21.802242,agnSED/agn.spec.gz,1.1,79132861284,321,0
81032049955868,52.8484183,-27.3924404,19.7810834,agnSED/agn.spec.gz,1.1,79132861285,321,1
84516424925212,53.1804602,-27.6727455,22.6014109,agnSED/agn.spec.gz,1.15,82535571216,304,0
84516424926236,53.1803222,-27.6724251,22.1113524,agnSED/agn.spec.gz,1.15,82535571217,304,1
86215045607452,52.8240499,-27.3028846,23.7159182,agnSED/agn.spec.gz,1.56,84194380476,119,0
86215045608476,52.8246365,-27.3025117,23.84163,agnSED/agn.spec.gz,1.56,84194380477,119,1
86513675137052,52.7469724,-27.3665338,21.186519,agnSED/agn.spec.gz,2.71,84486010876,219,0
86513675138076,52.7476414,-27.366475,23.6798079,agnSED/agn.spec.gz,2.71,84486010877,219,1
86846495658012,53.2809651,-27.4738899,20.8331468,agnSED/agn.spec.gz,1.12,84811030916,229,0
86846495659036,53.2806799,-27.4737835,19.7252128,agnSED/agn.spec.gz,1.12,84811030917,229,1
87042027900956,53.0994583,-27.6185682,21.8561956,agnSED/agn.spec.gz,1.27,85001980372,93,0
87042027901980,53.0996486,-27.6181742,21.3695608,agnSED/agn.spec.gz,1.27,85001980373,93,1
93994936901660,53.0623962,-27.666396,21.9749049,agnSED/agn.spec.gz,2.08,91791930568,142,0
93994936902684,53.0624197,-27.6657533,22.1821581,agnSED/agn.spec.gz,2.08,91791930569,142,1
98547385360412,53.1896832,-27.6305711,23.3300876,agnSED/agn.spec.gz,2.3,96237681016,254,0
98547385361436,53.1897586,-27.6301194,23.6485127,agnSED/agn.spec.gz,2.3,96237681017,254,1
100207012376604,52.7856041,-27.5256948,22.7594625,agnSED/agn.spec.gz,1.75,97858410524,131,0
100207012377628,52.7853012,-27.5253633,23.2464762,agnSED/agn.spec.gz,1.75,97858410525,131,1
100653661409308,53.1656185,-27.3479515,22.8608628,agnSED/agn.spec.gz,1.33,98294591220,305,0
100653661410332,53.1653897,-27.3477455,21.505179,agnSED/agn.spec.gz,1.33,98294591221,305,1
103533753765916,52.7476411,-27.597882,23.3827175,agnSED/agn.spec.gz,1.14,101107181412,353,0
103533753766940,52.7473915,-27.5977661,21.3458825,agnSED/agn.spec.gz,1.14,101107181413,353,1
103576012800028,52.9826789,-27.4376784,22.4785975,agnSED/agn.spec.gz,1.19,101148450000,0,0
103576012801052,52.9831244,-27.4378515,23.8894374,agnSED/agn.spec.gz,1.19,101148450001,0,1
105381511102492,53.2362989,-27.2906306,18.7887918,agnSED/agn.spec.gz,1.33,102911631936,484,0
105381511103516,53.2363572,-27.2907608,21.0001499,agnSED/agn.spec.gz,1.33,102911631937,484,1
113571882065948,53.2953609,-27.5927551,23.9687414,agnSED/agn.spec.gz,2.26,110910041080,270,0
113571882066972,53.2950076,-27.5918294,23.1253442,agnSED/agn.spec.gz,2.26,110910041081,270,1
117943224807452,52.9928532,-27.1648455,23.3072902,agnSED/agn.spec.gz,1.56,115178930476,119,0
117943224808476,52.9934391,-27.1644725,23.4360984,agnSED/agn.spec.gz,1.56,115178930477,119,1
118077942751260,53.3431386,-27.4022013,23.6088042,agnSED/agn.spec.gz,1.56,115310490968,242,0
118077942752284,53.3429091,-27.4019024,23.4760269,agnSED/agn.spec.gz,1.56,115310490969,242,1
118166131359772,52.8012838,-27.6225081,23.6682418,agnSED/agn.spec.gz,5.41,115396612656,664,0
118166131360796,52.8012429,-27.6220325,23.6010727,agnSED/agn.spec.gz,5.41,115396612657,664,1
119585036349468,53.216702,-27.5589454,23.5599279,agnSED/agn.spec.gz,1.44,116782262060,515,0
119585036350492,53.2166146,-27.5587592,24.0977907,agnSED/agn.spec.gz,1.44,116782262061,515,1
120004701134876,53.0796902,-27.183509,22.9841068,agnSED/agn.spec.gz,1.37,117192090952,238,0
120004701135900,53.0795567,-27.1832497,22.1698413,agnSED/agn.spec.gz,1.37,117192090953,238,1
121187370528796,53.3192001,-27.4752733,23.2589214,agnSED/agn.spec.gz,4.52,118347041532,383,0
121187370529820,53.3186812,-27.4750077,23.2413957,agnSED/agn.spec.gz,4.52,118347041533,383,1
121187370530844,53.3195411,-27.4749129,22.9203642,agnSED/agn.spec.gz,4.52,118347041534,383,2
121187370531868,53.3191436,-27.474572,23.527767,agnSED/agn.spec.gz,4.52,118347041535,383,3
124536136908828,53.0143319,-27.3829351,23.6931244,agnSED/agn.spec.gz,1.58,121617321200,300,0
124536136909852,53.014806,-27.3826814,23.1307316,agnSED/agn.spec.gz,1.58,121617321201,300,1
124710073589788,53.194787,-27.3572952,22.9224498,agnSED/agn.spec.gz,3.35,121787181240,310,0
124710073590812,53.1946598,-27.3571124,23.3512253,agnSED/agn.spec.gz,3.35,121787181241,310,1
124710073591836,53.1942325,-27.3569597,23.2666096,agnSED/agn.spec.gz,3.35,121787181242,310,2
124710073592860,53.1943026,-27.3574174,26.3323566,agnSED/agn.spec.gz,3.35,121787181243,310,3
125977406083100,53.0609413,-27.5895877,22.1025482,agnSED/agn.spec.gz,1.38,123024810628,157,0
125977406084124,53.0604934,-27.5892579,22.2449505,agnSED/agn.spec.gz,1.38,123024810629,157,1
126159751606300,53.1948845,-27.6142412,22.2740357,agnSED/agn.spec.gz,1.46,123202882428,607,0
126159751607324,53.1950447,-27.6142175,23.2151731,agnSED/agn.spec.gz,1.46,123202882429,607,1
131172321755164,53.2628789,-27.2784687,23.4846477,agnSED/agn.spec.gz,1.31,128097970464,116,0
131172321756188,53.2635624,-27.2783271,21.7213381,agnSED/agn.spec.gz,1.31,128097970465,116,1
131890463604764,52.9422243,-27.1813974,21.17365,agnSED/agn.spec.gz,1.49,128799280864,216,0
131890463605788,52.9417492,-27.181069,21.2619708,agnSED/agn.spec.gz,1.49,128799280865,216,1
131890463606812,52.9425586,-27.1808377,22.0243533,agnSED/agn.spec.gz,1.49,128799280866,216,2
131890463607836,52.9418609,-27.1805622,21.2535844,agnSED/agn.spec.gz,1.49,128799280867,216,3
132935998562332,53.0330959,-27.1522864,22.6670538,agnSED/agn.spec.gz,1.57,129820311096,274,0
132935998563356,53.0331741,-27.151746,23.4851093,agnSED/agn.spec.gz,1.57,129820311097,274,1
133211127869468,53.1203976,-27.6698545,23.0527888,agnSED/agn.spec.gz,1.44,130088992060,515,0
133211127870492,53.1203102,-27.6696683,23.3484915,agnSED/agn.spec.gz,1.44,130088992061,515,1
138902847549468,52.7852827,-27.4268645,23.3970902,agnSED/agn.spec.gz,1.44,135647312060,515,0
138902847550492,52.7851954,-27.4266782,23.9928347,agnSED/agn.spec.gz,1.44,135647312061,515,1
141768028647452,53.1715731,-27.1833527,23.6475847,agnSED/agn.spec.gz,1.56,138445340476,119,0
141768028648476,53.1721591,-27.1829797,23.7960722,agnSED/agn.spec.gz,1.56,138445340477,119,1
144466309607452,52.7963598,-27.2665006,23.154508,agnSED/agn.spec.gz,1.56,141080380476,119,0
144466309608476,52.7969462,-27.2661277,23.355635,agnSED/agn.spec.gz,1.56,141080380477,119,1
145443666014236,53.2277329,-27.4630247,21.398719,agnSED/agn.spec.gz,1.23,142034830092,23,0
145443666015260,53.2282383,-27.4629622,19.9787931,agnSED/agn.spec.gz,1.23,142034830093,23,1
149641298862108,52.8765057,-27.2716454,23.2640274,agnSED/agn.spec.gz,3.44,146134080920,230,0
149641298863132,52.8769532,-27.2713148,22.299811,agnSED/agn.spec.gz,3.44,146134080921,230,1
150889544654876,52.9689487,-27.6410683,22.6809728,agnSED/agn.spec.gz,1.37,147353070952,238,0
150889544655900,52.9688146,-27.640809,22.014167,agnSED/agn.spec.gz,1.37,147353070953,238,1
153965959839772,52.9364024,-27.6453783,23.7277742,agnSED/agn.spec.gz,5.41,150357382656,664,0
153965959840796,52.9363616,-27.6449027,23.5979265,agnSED/agn.spec.gz,5.41,150357382657,664,1
154985217032220,53.0681307,-27.2232235,21.2711619,agnSED/agn.spec.gz,0.89,151352751008,252,0
154985217033244,53.0682171,-27.2230592,20.580946,agnSED/agn.spec.gz,0.89,151352751009,252,1
159991399436316,53.0384911,-27.521074,20.892392,agnSED/agn.spec.gz,2.28,156241601012,253,0
159991399437340,53.0384692,-27.520632,22.4743082,agnSED/agn.spec.gz,2.28,156241601013,253,1
160945040359452,53.072219,-27.3762286,21.3449969,agnSED/agn.spec.gz,1.74,157172890976,244,0
160945040360476,53.0718745,-27.3761976,22.1115814,agnSED/agn.spec.gz,1.74,157172890977,244,1
161040025980956,52.8424002,-27.4623477,21.9540787,agnSED/agn.spec.gz,1.27,157265650372,93,0
161040025981980,52.8425902,-27.4619537,21.5178292,agnSED/agn.spec.gz,1.27,157265650373,93,1
161051556495388,53.2047783,-27.4108506,23.0731963,agnSED/agn.spec.gz,1.81,157276910640,160,0
161051556496412,53.2048957,-27.4104836,23.1062544,agnSED/agn.spec.gz,1.81,157276910641,160,1
165109474336796,52.9603994,-27.6715232,21.0439544,agnSED/agn.spec.gz,1.86,161239721032,258,0
165109474337820,52.9599331,-27.6714654,19.9898181,agnSED/agn.spec.gz,1.86,161239721033,258,1
166744771297308,52.9540771,-27.5469622,23.4491021,agnSED/agn.spec.gz,1.63,162836690720,180,0
166744771298332,52.9545314,-27.5468738,23.1454684,agnSED/agn.spec.gz,1.63,162836690721,180,1
167196550471708,52.9668738,-27.1664439,20.6144561,agnSED/agn.spec.gz,1.25,163277881320,330,0
167196550472732,52.9667474,-27.1661028,21.1958519,agnSED/agn.spec.gz,1.25,163277881321,330,1
169407695691804,53.2989966,-27.325062,23.2570911,agnSED/agn.spec.gz,2.71,165437202824,706,0
169407695692828,53.2987156,-27.3245623,24.2687944,agnSED/agn.spec.gz,2.71,165437202825,706,1
169407695693852,53.299344,-27.3247486,22.7466762,agnSED/agn.spec.gz,2.71,165437202826,706,2
169407695694876,53.2992796,-27.32447,22.7861387,agnSED/agn.spec.gz,2.71,165437202827,706,3
171688625274908,53.1149294,-27.4875321,22.7229513,agnSED/agn.spec.gz,4.68,167664673120,780,0
171688625275932,53.114747,-27.4875178,23.4544462,agnSED/agn.spec.gz,4.68,167664673121,780,1
174349292019740,52.8487044,-27.2930912,22.6249035,agnSED/agn.spec.gz,1.42,170262980488,122,0
174349292020764,52.8489654,-27.2930065,22.2856448,agnSED/agn.spec.gz,1.42,170262980489,122,1
176018904162332,53.0994411,-27.2696286,22.2879162,agnSED/agn.spec.gz,1.57,171893461096,274,0
176018904163356,53.0995194,-27.2690882,23.3770374,agnSED/agn.spec.gz,1.57,171893461097,274,1
176504803450908,52.9877243,-27.1900495,20.7160856,agnSED/agn.spec.gz,2.34,172367972120,530,0
176504803451932,52.9879461,-27.1899221,20.8285908,agnSED/agn.spec.gz,2.34,172367972121,530,1
177389578547228,53.0463631,-27.6003484,22.0557034,agnSED/agn.spec.gz,2.4,173232010300,75,0
177389578548252,53.0467837,-27.6006294,22.196589,agnSED/agn.spec.gz,2.4,173232010301,75,1
177712499732508,52.9972114,-27.6128262,23.3961081,agnSED/agn.spec.gz,2.37,173547363020,755,0
177712499733532,52.9970335,-27.6132206,21.131321,agnSED/agn.spec.gz,2.37,173547363021,755,1
177712499734556,52.9976025,-27.6131294,22.7068605,agnSED/agn.spec.gz,2.37,173547363022,755,2
177712499735580,52.9971086,-27.6132764,21.2164008,agnSED/agn.spec.gz,2.37,173547363023,755,3
177821594337308,53.1370599,-27.6597166,22.9903672,agnSED/agn.spec.gz,1.63,173653900720,180,0
177821594338332,53.1375147,-27.6596282,22.5467672,agnSED/agn.spec.gz,1.63,173653900721,180,1
178117408071708,53.0515818,-27.5091962,20.6825643,agnSED/agn.spec.gz,1.25,173942781320,330,0
178117408072732,53.0514549,-27.5088551,21.2074614,agnSED/agn.spec.gz,1.25,173942781321,330,1
178118290722844,53.0827408,-27.4320864,19.545329,agnSED/agn.spec.gz,2.73,173943643284,821,0
178118290723868,53.082916,-27.4320299,20.2862169,agnSED/agn.spec.gz,2.73,173943643285,821,1
178187275890716,52.9781375,-27.275857,22.7621159,agnSED/agn.spec.gz,3.3,174011011612,403,0
178187275891740,52.9779826,-27.275742,21.0178126,agnSED/agn.spec.gz,3.3,174011011613,403,1
178197309653020,52.765546,-27.2393009,23.4781067,agnSED/agn.spec.gz,2.01,174020810208,52,0
178197309654044,52.7660108,-27.2382918,23.315399,agnSED/agn.spec.gz,2.01,174020810209,52,1
178226780418076,53.0995474,-27.6783625,22.0937584,agnSED/agn.spec.gz,4.13,174049590252,63,0
178226780419100,53.0987005,-27.6780907,20.6718101,agnSED/agn.spec.gz,4.13,174049590253,63,1
178233396305948,53.292025,-27.5619895,23.2609912,agnSED/agn.spec.gz,2.26,174056051080,270,0
178233396306972,53.2916718,-27.5610637,22.5703849,agnSED/agn.spec.gz,2.26,174056051081,270,1
178233426133020,52.7224054,-27.2956008,23.4327246,agnSED/agn.spec.gz,2.01,174056080208,52,0
178233426134044,52.7228703,-27.2945917,23.2404203,agnSED/agn.spec.gz,2.01,174056080209,52,1
178291763413020,52.9352637,-27.4290547,23.5020602,agnSED/agn.spec.gz,2.01,174113050208,52,0
178291763414044,52.9357292,-27.4280456,23.0000705,agnSED/agn.spec.gz,2.01,174113050209,52,1
178320868311068,52.7285738,-27.3343952,23.8188849,agnSED/agn.spec.gz,4.13,174141472960,740,0
178320868312092,52.7283966,-27.3346808,22.7107152,agnSED/agn.spec.gz,4.13,174141472961,740,1
178345718829084,53.0116475,-27.5605428,22.2583156,agnSED/agn.spec.gz,1.76,174165741044,261,0
178345718830108,53.0113934,-27.5608946,21.0034014,agnSED/agn.spec.gz,1.76,174165741045,261,1
178353685905436,53.0156458,-27.3640977,18.9425294,agnSED/agn.spec.gz,1.87,174173521392,348,0
178353685906460,53.0151847,-27.3641381,20.7589515,agnSED/agn.spec.gz,1.87,174173521393,348,1
178373039185948,53.3131392,-27.3920663,23.4920929,agnSED/agn.spec.gz,2.26,174192421080,270,0
178373039186972,53.3127865,-27.3911405,22.7119255,agnSED/agn.spec.gz,2.26,174192421081,270,1
178409524486172,53.0439173,-27.6210008,21.1319588,agnSED/agn.spec.gz,2.47,174228051256,314,0
178409524487196,53.0436152,-27.6206508,21.4155257,agnSED/agn.spec.gz,2.47,174228051257,314,1
178446623199260,52.7593869,-27.3684755,22.9356143,agnSED/agn.spec.gz,2.39,174264280468,117,0
178446623200284,52.7584175,-27.368767,21.5413199,agnSED/agn.spec.gz,2.39,174264280469,117,1
178446665371676,53.1696124,-27.3927103,24.7713193,agnSED/agn.spec.gz,2.45,174264321652,413,0
178446665372700,53.1700175,-27.3925962,23.7500036,agnSED/agn.spec.gz,2.45,174264321653,413,1
178446665373724,53.1695104,-27.3924231,23.0541967,agnSED/agn.spec.gz,2.45,174264321654,413,2
178446665374748,53.1696926,-27.3923722,23.4396451,agnSED/agn.spec.gz,2.45,174264321655,413,3
