prefix,uniqueId,raPhoSim,decPhoSim,phoSimMagNorm,sedFilepath,redshift,shear1,shear2,kappa,raOffset,decOffset,spatialmodel,majorAxis,minorAxis,positionAngle,sindex,internalExtinctionModel,internalAv,internalRv,galacticExtinctionModel,galacticAv,galacticRv
object,21393434,53.0535953,-27.7028124,17.8301052,galaxySED/Inst.25E09.02Z.spec.gz,0.184,0,0,0,0,0,sersic2d,7.81818154e-06,5.59113188e-06,0.992164702,4,CCM,0.200000003,3.0999999,CCM,0.029789765,3.1
object,23359514,53.0846493,-27.7071324,19.9346871,galaxySED/Inst.25E09.02Z.spec.gz,0.302,0,0,0,0,0,sersic2d,4.44570945e-06,4.36949799e-06,-1.21265895,4,CCM,0.200000003,3.0999999,CCM,0.0291967489,3.1
object,48583706,52.7853574,-27.3048094,20.5389923,galaxySED/Inst.40E09.04Z.spec.gz,0.566,0,0,0,0,0,sersic2d,8.2242278e-06,5.31142754e-06,-2.46634746,4,CCM,0.300000012,3.0999999,CCM,0.0323991928,3.1
object,55131162,52.9697904,-27.421952,19.4890999,galaxySED/Burst.32E09.02Z.spec.gz,0.362,0,0,0,0,0,sersic2d,9.51343736e-06,6.13822961e-06,0.828110908,4,CCM,0.600000024,3.0999999,CCM,0.0296704135,3.1
object,78559258,52.8999025,-27.2820862,20.0683712,galaxySED/Exp.80E09.04Z.spec.gz,0.378,0,0,0,0,0,sersic2d,3.08441025e-06,2.96757368e-06,1.9059711,4,CCM,0.100000001,3.0999999,CCM,0.0273760289,3.1
object,79490074,53.1286144,-27.501171,20.0683712,galaxySED/Exp.80E09.04Z.spec.gz,0.378,0,0,0,0,0,sersic2d,3.08441025e-06,2.96757368e-06,1.9059711,4,CCM,0.100000001,3.0999999,CCM,0.0289803545,3.1
object,95752218,52.8530026,-27.2307548,19.9346871,galaxySED/Inst.25E09.02Z.spec.gz,0.302,0,0,0,0,0,sersic2d,4.44570945e-06,4.36949799e-06,-1.21265895,4,CCM,0.300000012,3.0999999,CCM,0.0282709528,3.1
object,107250714,53.2554386,-27.5914636,17.8301052,galaxySED/Inst.25E09.02Z.spec.gz,0.184,0,0,0,0,0,sersic2d,7.81818154e-06,5.59113188e-06,0.992164702,4,CCM,0.200000003,3.0999999,CCM,0.0216402733,3.1
object,125760538,53.1416896,-27.6878607,17.7945542,galaxySED/Inst.40E09.02Z.spec.gz,0.202,0,0,0,0,0,sersic2d,1.20964562e-05,8.07357888e-06,2.37624658,4,CCM,0.300000012,3.0999999,CCM,0.0291271586,3.1
object,130236442,53.017919,-27.5840095,20.0683712,galaxySED/Exp.80E09.04Z.spec.gz,0.378,0,0,0,0,0,sersic2d,3.08441025e-06,2.96757368e-06,1.9059711,4,CCM,0.300000012,3.0999999,CCM,0.0279689369,3.1
object,137016346,53.2362447,-27.4599491,19.9346871,galaxySED/Inst.25E09.02Z.spec.gz,0.302,0,0,0,0,0,sersic2d,4.44570945e-06,4.36949799e-06,-1.21265895,4,CCM,0.0,3.0999999,CCM,0.0202669177,3.1
object,209841178,52.9745076,-27.6449311,19.9346871,galaxySED/Inst.25E09.02Z.spec.gz,0.302,0,0,0,0,0,sersic2d,4.44570945e-06,4.36949799e-06,-1.21265895,4,CCM,0.200000003,3.0999999,CCM,0.0281867297,3.1
object,213691418,52.8405998,-27.2086372,17.7945542,galaxySED/Inst.40E09.02Z.spec.gz,0.202,0,0,0,0,0,sersic2d,1.20964562e-05,8.07357888e-06,2.37624658,4,CCM,0.200000003,3.0999999,CCM,0.0287475253,3.1
object,237973530,53.1733893,-27.5305477,19.4836544,galaxySED/Inst.20E09.02Z.spec.gz,0.416,0,0,0,0,0,sersic2d,7.09111644e-06,4.38581865e-06,2.56204037,4,CCM,0.5,3.0999999,CCM,0.0271632902,3.1
object,248101914,53.1326388,-27.4667755,17.7945542,galaxySED/Inst.40E09.02Z.spec.gz,0.202,0,0,0,0,0,sersic2d,1.20964562e-05,8.07357888e-06,2.37624658,4,CCM,0.200000003,3.0999999,CCM,0.0273286357,3.1
object,248879130,53.1648484,-27.3732863,20.1252884,galaxySED/Burst.50E09.04Z.spec.gz,0.35,0,0,0,0,0,sersic2d,3.98059662e-06,2.58265647e-06,-2.06438766,4,CCM,0.200000003,3.0999999,CCM,0.0216946216,3.1
object,279852058,52.9584133,-27.3793621,17.7945542,galaxySED/Inst.40E09.02Z.spec.gz,0.202,0,0,0,0,0,sersic2d,1.20964562e-05,8.07357888e-06,2.37624658,4,CCM,0.100000001,3.0999999,CCM,0.0294985479,3.1
object,285779994,53.0914273,-27.2310239,18.6967072,galaxySED/Inst.50E09.02Z.spec.gz,0.158,0,0,0,0,0,sersic2d,1.11058236e-05,5.10853338e-06,-0.169663666,4,CCM,0.200000003,3.0999999,CCM,0.0218739248,3.1
object,331173914,53.0188965,-27.6502001,20.0683712,galaxySED/Exp.80E09.04Z.spec.gz,0.378,0,0,0,0,0,sersic2d,3.08441025e-06,2.96757368e-06,1.9059711,4,CCM,0.200000003,3.0999999,CCM,0.0301093365,3.1
object,364279834,53.0615759,-27.7224666,19.5672764,galaxySED/Burst.32E09.02Z.spec.gz,0.324,0,0,0,0,0,sersic2d,4.77408317e-06,3.99888998e-06,-2.50938553,4,CCM,0.200000003,3.0999999,CCM,0.0294352689,3.1
object,377035802,53.1624749,-27.4345633,20.8818192,galaxySED/Burst.32E09.02Z.spec.gz,0.376,0,0,0,0,0,sersic2d,3.17608013e-06,2.91277689e-06,2.26013506,4,CCM,0.400000006,3.0999999,CCM,0.0251048399,3.1
object,419090458,53.0619602,-27.5830815,23.1186546,galaxySED/Inst.25E09.02Z.spec.gz,0.716,0,0,0,0,0,sersic2d,4.67148256e-06,1.46432619e-06,1.92455013,4,CCM,0.400000006,3.0999999,CCM,0.0295133978,3.1
object,438830106,52.9697759,-27.2619872,18.9664539,galaxySED/Inst.50E09.04Z.spec.gz,0.254,0,0,0,0,0,sersic2d,6.30508892e-06,4.91544417e-06,0.579245108,4,CCM,0.100000001,3.0999999,CCM,0.024584718,3.1
object,446211098,52.9148839,-27.4644121,22.2050346,galaxySED/Burst.32E09.04Z.spec.gz,0.572,0,0,0,0,0,sersic2d,3.83983338e-06,2.85509352e-06,2.0178118,4,CCM,0.5,3.0999999,CCM,0.0313578964,3.1
object,495170586,53.1440609,-27.6892635,21.0066246,galaxySED/Inst.40E09.04Z.spec.gz,0.374,0,0,0,0,0,sersic2d,3.27787101e-06,2.26386587e-06,2.41651307,4,CCM,0.0,3.0999999,CCM,0.0290771356,3.1
object,495178778,53.2562935,-27.269867,19.9356827,galaxySED/Inst.40E09.04Z.spec.gz,0.494,0,0,0,0,0,sersic2d,8.93661672e-06,5.79227617e-06,-1.72844808,4,CCM,0.0,3.0999999,CCM,0.0240239471,3.1
object,689564698,53.181588,-27.3499075,21.5386814,galaxySED/Inst.50E09.04Z.spec.gz,0.588,0,0,0,0,0,sersic2d,6.77558073e-06,3.8679175e-06,-1.74203215,4,CCM,0.200000003,3.0999999,CCM,0.0209573258,3.1
object,729721882,52.9001065,-27.2826207,20.1252884,galaxySED/Burst.50E09.04Z.spec.gz,0.35,0,0,0,0,0,sersic2d,3.98059662e-06,2.58265647e-06,-2.06438766,4,CCM,0.200000003,3.0999999,CCM,0.0273653809,3.1
object,732322842,53.0653769,-27.4792931,19.5672764,galaxySED/Burst.32E09.02Z.spec.gz,0.324,0,0,0,0,0,sersic2d,4.77408317e-06,3.99888998e-06,-2.50938553,4,CCM,0.200000003,3.0999999,CCM,0.0289036821,3.1
object,791106586,53.1368134,-27.510691,20.9916004,galaxySED/Burst.32E09.02Z.spec.gz,0.34,0,0,0,0,0,sersic2d,4.11121271e-06,2.54722188e-06,2.32919774,4,CCM,0.300000012,3.0999999,CCM,0.0285139699,3.1
object,928461850,53.1593463,-27.6152249,19.4836544,galaxySED/Inst.20E09.02Z.spec.gz,0.416,0,0,0,0,0,sersic2d,7.09111644e-06,4.38581865e-06,2.56204037,4,CCM,0.400000006,3.0999999,CCM,0.0286519787,3.1
object,934304794,52.7939938,-27.4794364,21.4313969,galaxySED/Inst.25E09.02Z.spec.gz,0.562,0,0,0,0,0,sersic2d,7.30340909e-06,6.20142764e-06,-2.38953202,4,CCM,0.300000012,3.0999999,CCM,0.0313630741,3.1
object,1037559834,53.1342874,-27.1716635,21.8332428,galaxySED/Burst.50E09.04Z.spec.gz,0.778,0,0,0,0,0,sersic2d,6.47803826e-06,4.31334283e-06,0.663987301,4,CCM,0.100000001,3.0999999,CCM,0.0224726849,3.1
object,1073289242,53.3101745,-27.5694748,20.8337349,galaxySED/Inst.25E09.02Z.spec.gz,0.39,0,0,0,0,0,sersic2d,1.84281235e-06,1.15554304e-06,0.939213681,4,CCM,0.0,3.0999999,CCM,0.0212384636,3.1
object,1128980506,53.2021778,-27.4858445,19.4836544,galaxySED/Inst.20E09.02Z.spec.gz,0.416,0,0,0,0,0,sersic2d,7.09111644e-06,4.38581865e-06,2.56204037,4,CCM,0.0,3.0999999,CCM,0.0226169693,3.1
object,1139907610,53.0421913,-27.3547253,22.87299,galaxySED/Inst.25E09.02Z.spec.gz,0.822,0,0,0,0,0,sersic2d,1.55630906e-06,1.30446681e-06,0.288080381,4,CCM,0.400000006,3.0999999,CCM,0.0242615813,3.1
object,1272978458,52.9256247,-27.5214723,21.2348446,galaxySED/Burst.32E09.04Z.spec.gz,0.58,0,0,0,0,0,sersic2d,3.49511862e-06,3.04327667e-06,1.05383155,4,CCM,0.400000006,3.0999999,CCM,0.0269118331,3.1
object,1315983386,53.2120087,-27.335859,21.5802025,galaxySED/Burst.50E09.04Z.spec.gz,0.77,0,0,0,0,0,sersic2d,2.48478945e-06,1.77769366e-06,0.0761432698,4,CCM,0.0,3.0999999,CCM,0.0209884905,3.1
object,1320563738,52.7943601,-27.2511036,20.5353169,galaxySED/Inst.20E09.02Z.spec.gz,0.476,0,0,0,0,0,sersic2d,5.15979183e-06,3.15829929e-06,-1.68270946,4,CCM,0.300000012,3.0999999,CCM,0.0340264921,3.1
object,1321480218,53.0294617,-27.5049669,21.8550209,galaxySED/Inst.40E09.04Z.spec.gz,0.65,0,0,0,0,0,sersic2d,8.35257157e-06,6.9970628e-06,-0.19733443,4,CCM,0.200000003,3.0999999,CCM,0.0280530409,3.1
object,1374051354,52.7472609,-27.2631918,20.1296524,galaxySED/Burst.50E09.04Z.spec.gz,0.444,0,0,0,0,0,sersic2d,4.02050329e-06,3.11907871e-06,0.735632194,4,CCM,0.400000006,3.0999999,CCM,0.033839923,3.1
object,1451259930,53.1650463,-27.1955045,23.9252857,galaxySED/Inst.40E09.04Z.spec.gz,1.402,0,0,0,0,0,sersic2d,2.56699172e-06,1.97921402e-06,1.97013639,4,CCM,0.200000003,3.0999999,CCM,0.021631159,3.1
object,1532805146,52.8873009,-27.664366,19.8176769,galaxySED/Burst.62E09.02Z.spec.gz,0.306,0,0,0,0,0,sersic2d,3.73461871e-06,3.32604619e-06,-0.46421674,4,CCM,0.100000001,3.0999999,CCM,0.0246867645,3.1
object,1551342618,52.9111219,-27.2658066,19.4706368,galaxySED/Inst.32E09.02Z.spec.gz,0.324,0,0,0,0,0,sersic2d,7.56411557e-06,5.62441613e-06,1.27124564,4,CCM,0.400000006,3.0999999,CCM,0.0258599333,3.1
object,1562917914,52.787606,-27.6355801,20.0445675,galaxySED/Inst.40E09.04Z.spec.gz,0.414,0,0,0,0,0,sersic2d,9.98088039e-06,8.09850631e-06,-2.76104106,4,CCM,0.300000012,3.0999999,CCM,0.0281069021,3.1
object,1564946458,53.2588995,-27.3398556,22.5979981,galaxySED/Inst.20E09.02Z.spec.gz,0.842,0,0,0,0,0,sersic2d,6.24049665e-06,4.80150052e-06,1.10973863,4,CCM,0.100000001,3.0999999,CCM,0.022651754,3.1
object,1680047130,52.7809661,-27.4353632,19.9346871,galaxySED/Inst.25E09.02Z.spec.gz,0.302,0,0,0,0,0,sersic2d,4.44570945e-06,4.36949799e-06,-1.21265895,4,CCM,0.400000006,3.0999999,CCM,0.0296336834,3.1
object,1837571098,53.110209,-27.5593055,20.6591229,galaxySED/Inst.25E09.02Z.spec.gz,0.428,0,0,0,0,0,sersic2d,3.30142572e-06,2.62011611e-06,0.334698125,4,CCM,0.5,3.0999999,CCM,0.0309167545,3.1
object,1837573146,52.8004572,-27.5622255,23.1186546,galaxySED/Inst.25E09.02Z.spec.gz,0.716,0,0,0,0,0,sersic2d,4.67148256e-06,1.46432619e-06,1.92455013,4,CCM,0.5,3.0999999,CCM,0.0307440106,3.1
object,1962444826,52.8224731,-27.2813908,22.5979981,galaxySED/Inst.20E09.02Z.spec.gz,0.842,0,0,0,0,0,sersic2d,6.24049665e-06,4.80150052e-06,1.10973863,4,CCM,0.300000012,3.0999999,CCM,0.034240536,3.1
object,1994603546,53.240795,-27.2253843,19.8176769,galaxySED/Burst.62E09.02Z.spec.gz,0.306,0,0,0,0,0,sersic2d,3.73461871e-06,3.32604619e-06,-0.46421674,4,CCM,0.0,3.0999999,CCM,0.0240254825,3.1
object,2003499034,53.1680718,-27.7033928,23.766478,galaxySED/Inst.25E09.02Z.spec.gz,1.278,0,0,0,0,0,sersic2d,2.7885521e-06,2.36753567e-06,-3.00186334,4,CCM,0.100000001,3.0999999,CCM,0.0285703064,3.1
object,2158683162,52.7473649,-27.2634609,20.0683712,galaxySED/Exp.80E09.04Z.spec.gz,0.378,0,0,0,0,0,sersic2d,3.08441025e-06,2.96757368e-06,1.9059711,4,CCM,0.600000024,3.0999999,CCM,0.0338468509,3.1
object,2168665114,53.1743224,-27.66857,17.7945542,galaxySED/Inst.40E09.02Z.spec.gz,0.202,0,0,0,0,0,sersic2d,1.20964562e-05,8.07357888e-06,2.37624658,4,CCM,0.5,3.0999999,CCM,0.0280338563,3.1
object,2175853594,52.9198742,-27.427634,17.7984184,galaxySED/Burst.32E09.02Z.spec.gz,0.188,0,0,0,0,0,sersic2d,1.39413279e-05,1.23994742e-05,0.62942472,4,CCM,0.400000006,3.0999999,CCM,0.0338073428,3.1
object,2215625754,53.1449083,-27.218691,21.5593723,galaxySED/Inst.25E09.02Z.spec.gz,0.624,0,0,0,0,0,sersic2d,4.1167219e-06,2.9648133e-06,0.714217528,4,CCM,0.100000001,3.0999999,CCM,0.0202437645,3.1
object,2283232282,52.9609427,-27.6575131,18.6967072,galaxySED/Inst.50E09.02Z.spec.gz,0.158,0,0,0,0,0,sersic2d,1.11058236e-05,5.10853338e-06,-0.169663666,4,CCM,0.0,3.0999999,CCM,0.0301369075,3.1
object,2307869722,53.0258183,-27.671913,21.8064045,galaxySED/Burst.62E09.04Z.spec.gz,0.556,0,0,0,0,0,sersic2d,8.97741145e-06,7.78927887e-06,-0.540036461,4,CCM,0.200000003,3.0999999,CCM,0.0312346805,3.1
object,2326521882,52.7486589,-27.3065447,19.432301,galaxySED/Inst.25E09.02Z.spec.gz,0.304,0,0,0,0,0,sersic2d,4.709802e-06,3.31529132e-06,-2.31064838,4,CCM,0.300000012,3.0999999,CCM,0.0325115028,3.1
object,2333313050,52.7333339,-27.5517764,20.853537,galaxySED/Burst.50E09.02Z.spec.gz,0.372,0,0,0,0,0,sersic2d,3.26796078e-06,2.40016294e-06,-2.10438537,4,CCM,0.0,3.0999999,CCM,0.0301991863,3.1
object,2375313434,52.9779961,-27.6285288,21.5276131,galaxySED/Inst.50E09.04Z.spec.gz,0.64,0,0,0,0,0,sersic2d,5.43181585e-06,4.82479304e-06,1.64603538,4,CCM,0.200000003,3.0999999,CCM,0.0274254761,3.1
object,2453795866,52.7101426,-27.4035469,19.2416367,galaxySED/Inst.50E09.04Z.spec.gz,0.23,0,0,0,0,0,sersic2d,1.02563399e-05,3.93748173e-06,2.81665074,4,CCM,0.400000006,3.0999999,CCM,0.0277524782,3.1
object,2513223706,53.2571348,-27.2377308,19.8176769,galaxySED/Burst.62E09.02Z.spec.gz,0.306,0,0,0,0,0,sersic2d,3.73461871e-06,3.32604619e-06,-0.46421674,4,CCM,0.200000003,3.0999999,CCM,0.024908279,3.1
object,2555312154,53.0840399,-27.1481128,21.0792851,galaxySED/Inst.40E09.04Z.spec.gz,0.322,0,0,0,0,0,sersic2d,5.05997384e-06,4.46702181e-06,1.41010683,4,CCM,0.300000012,3.0999999,CCM,0.0231822445,3.1
object,2575124506,53.3078082,-27.3212311,23.4078735,galaxySED/Inst.25E09.04Z.spec.gz,1.122,0,0,0,0,0,sersic2d,2.0955278e-06,1.55618212e-06,-2.95307266,4,CCM,0.400000006,3.0999999,CCM,0.0238400596,3.1
object,2575333402,53.0157468,-27.2837553,22.2753758,galaxySED/Burst.50E09.04Z.spec.gz,1.184,0,0,0,0,0,sersic2d,3.62944015e-06,3.02850031e-06,2.44904775,4,CCM,0.100000001,3.0999999,CCM,0.0246678725,3.1
object,2611178522,53.1736634,-27.5808339,19.9346871,galaxySED/Inst.25E09.02Z.spec.gz,0.302,0,0,0,0,0,sersic2d,4.44570945e-06,4.36949799e-06,-1.21265895,4,CCM,0.100000001,3.0999999,CCM,0.0286271487,3.1
object,2665274394,53.0660055,-27.5862824,20.5353169,galaxySED/Inst.20E09.02Z.spec.gz,0.476,0,0,0,0,0,sersic2d,5.15979183e-06,3.15829929e-06,-1.68270946,4,CCM,0.100000001,3.0999999,CCM,0.0296163502,3.1
object,2724582426,53.2407553,-27.6060111,20.1296524,galaxySED/Burst.50E09.04Z.spec.gz,0.444,0,0,0,0,0,sersic2d,4.02050329e-06,3.11907871e-06,0.735632194,4,CCM,0.0,3.0999999,CCM,0.0222057418,3.1
object,2724641818,52.934302,-27.7032369,23.8216538,galaxySED/Burst.25E09.02Z.spec.gz,1.396,0,0,0,0,0,sersic2d,3.81528078e-06,1.85970101e-06,1.77919213,4,CCM,0.100000001,3.0999999,CCM,0.0256407132,3.1
object,2730710042,53.0566792,-27.3507734,21.5273232,galaxySED/Burst.32E09.02Z.spec.gz,0.592,0,0,0,0,0,sersic2d,2.8106125e-06,1.91103437e-06,-1.86066235,4,CCM,0.100000001,3.0999999,CCM,0.0230184593,3.1
object,2818411546,52.8282715,-27.3336262,21.6548218,galaxySED/Burst.25E09.02Z.spec.gz,0.874,0,0,0,0,0,sersic2d,4.16735668e-06,3.17779491e-06,1.11110208,4,CCM,0.200000003,3.0999999,CCM,0.0311261334,3.1
object,2829297690,52.7221273,-27.3856679,21.4870133,galaxySED/Inst.20E09.02Z.spec.gz,0.62,0,0,0,0,0,sersic2d,8.39844042e-06,6.49815134e-06,2.37498121,4,CCM,0.400000006,3.0999999,CCM,0.028975146,3.1
object,2835515418,52.9359902,-27.405768,21.0932583,galaxySED/Inst.50E09.04Z.spec.gz,0.636,0,0,0,0,0,sersic2d,5.78656304e-06,4.52900748e-06,-0.501678836,4,CCM,0.300000012,3.0999999,CCM,0.0330002982,3.1
object,2876579866,52.8344765,-27.6269417,22.5939507,galaxySED/Burst.40E09.04Z.spec.gz,1.118,0,0,0,0,0,sersic2d,4.13727976e-06,2.86201085e-06,-1.39049474,4,CCM,0.5,3.0999999,CCM,0.0287235958,3.1
object,2907779098,52.7617188,-27.2729233,22.8632092,galaxySED/Inst.20E09.02Z.spec.gz,1.192,0,0,0,0,0,sersic2d,5.42921994e-06,3.79177318e-06,-1.24052052,4,CCM,0.0,3.0999999,CCM,0.0344316718,3.1
object,2948839450,52.9517018,-27.5137479,20.8190979,galaxySED/Inst.40E09.04Z.spec.gz,0.502,0,0,0,0,0,sersic2d,1.06345916e-05,8.36585039e-06,-3.03419905,4,CCM,0.0,3.0999999,CCM,0.0261033883,3.1
object,2965141530,52.9880824,-27.3972333,20.1416573,galaxySED/Inst.20E09.02Z.spec.gz,0.548,0,0,0,0,0,sersic2d,1.04636249e-05,8.22776902e-06,-1.94355502,4,CCM,0.100000001,3.0999999,CCM,0.0282931495,3.1
object,2990989338,52.8647691,-27.2594511,20.7879643,galaxySED/Exp.80E09.02Z.spec.gz,0.45,0,0,0,0,0,sersic2d,1.90625488e-06,1.81947389e-06,2.83620018,4,CCM,0.300000012,3.0999999,CCM,0.0293550888,3.1
object,2991978522,52.8235148,-27.4266347,19.4836544,galaxySED/Inst.20E09.02Z.spec.gz,0.416,0,0,0,0,0,sersic2d,7.09111644e-06,4.38581865e-06,2.56204037,4,CCM,0.0,3.0999999,CCM,0.0328482571,3.1
object,3078137882,53.0427757,-27.3046337,21.8396114,galaxySED/Inst.50E09.04Z.spec.gz,0.404,0,0,0,0,0,sersic2d,2.94342867e-06,2.33619286e-06,1.50385283,4,CCM,0.0,3.0999999,CCM,0.0234181218,3.1
object,3207327770,52.9706324,-27.5547914,22.5979981,galaxySED/Inst.20E09.02Z.spec.gz,0.842,0,0,0,0,0,sersic2d,6.24049665e-06,4.80150052e-06,1.10973863,4,CCM,0.200000003,3.0999999,CCM,0.02357063,3.1
object,3254083610,52.932137,-27.2869581,22.578009,galaxySED/Burst.40E09.04Z.spec.gz,1.01,0,0,0,0,0,sersic2d,4.44343625e-06,1.80486204e-06,3.01752592,4,CCM,0.0,3.0999999,CCM,0.0253964523,3.1
object,3265939482,52.7824233,-27.2875006,20.4819206,galaxySED/Burst.32E09.02Z.spec.gz,0.526,0,0,0,0,0,sersic2d,6.97432798e-06,4.65720236e-06,-2.67995307,4,CCM,0.0,3.0999999,CCM,0.0333765797,3.1
object,3290487834,53.0122757,-27.2384534,23.0982365,galaxySED/Inst.40E09.04Z.spec.gz,1.002,0,0,0,0,0,sersic2d,3.78588127e-06,1.80627689e-06,-0.967722064,4,CCM,0.400000006,3.0999999,CCM,0.0238909686,3.1
object,3293258778,52.9231718,-27.4562515,21.2701687,galaxySED/Burst.32E09.02Z.spec.gz,0.736,0,0,0,0,0,sersic2d,4.67218673e-06,4.13785677e-06,0.777549243,4,CCM,0.300000012,3.0999999,CCM,0.031528415,3.1
object,3293259802,52.9257001,-27.6835861,21.1090187,galaxySED/Burst.32E09.02Z.spec.gz,0.502,0,0,0,0,0,sersic2d,8.17982785e-06,5.04300947e-06,1.1221844,4,CCM,0.300000012,3.0999999,CCM,0.0257073807,3.1
object,3324600346,53.0989283,-27.5669753,22.377684,galaxySED/Burst.20E09.02Z.spec.gz,0.81,0,0,0,0,0,sersic2d,3.9739743e-06,2.68937161e-06,1.47911488,4,CCM,0.0,3.0999999,CCM,0.0306562431,3.1
object,3508872218,53.0797757,-27.3143517,19.9648861,galaxySED/Burst.40E09.04Z.spec.gz,0.302,0,0,0,0,0,sersic2d,4.37501547e-06,2.827989e-06,-2.55217751,4,CCM,0.400000006,3.0999999,CCM,0.0207203771,3.1
object,3565874202,53.0270113,-27.511998,22.2899727,galaxySED/Burst.50E09.04Z.spec.gz,0.952,0,0,0,0,0,sersic2d,7.00953681e-06,3.43837267e-06,2.17461567,4,CCM,0.0,3.0999999,CCM,0.0278834533,3.1
object,3572757530,52.9926821,-27.586034,21.8408054,galaxySED/Burst.40E09.04Z.spec.gz,0.51,0,0,0,0,0,sersic2d,2.75177794e-06,1.57780921e-06,-2.97377052,4,CCM,0.200000003,3.0999999,CCM,0.0257514099,3.1
object,3573713946,53.184049,-27.5279288,24.6206078,galaxySED/Exp.62E09.02Z.spec.gz,1.576,0,0,0,0,0,sersic2d,1.48611037e-06,6.14350747e-07,-0.658424239,4,CCM,0.0,3.0999999,CCM,0.0263616879,3.1
object,3599055898,52.9678585,-27.3506737,23.1617073,galaxySED/Burst.25E09.02Z.spec.gz,1.118,0,0,0,0,0,sersic2d,4.57163917e-06,2.77335245e-06,-1.63337127,4,CCM,0.0,3.0999999,CCM,0.0276285665,3.1
object,3649836058,53.3030262,-27.5215448,20.0683712,galaxySED/Exp.80E09.04Z.spec.gz,0.378,0,0,0,0,0,sersic2d,3.08441025e-06,2.96757368e-06,1.9059711,4,CCM,0.300000012,3.0999999,CCM,0.0222140288,3.1
object,3901312026,52.8805224,-27.6499845,18.2495999,galaxySED/Burst.50E09.04Z.spec.gz,0.164,0,0,0,0,0,sersic2d,6.65406518e-06,3.97031701e-06,-1.6855423,4,CCM,0.100000001,3.0999999,CCM,0.0251042473,3.1
object,3912340506,53.2216102,-27.3562402,23.5223431,galaxySED/Inst.16E09.04Z.spec.gz,1.254,0,0,0,0,0,sersic2d,5.82919192e-06,5.50749124e-06,3.10116559,4,CCM,0.0,3.0999999,CCM,0.0220469571,3.1
object,4007873562,52.9530364,-27.4846276,22.87299,galaxySED/Inst.25E09.02Z.spec.gz,0.822,0,0,0,0,0,sersic2d,1.55630906e-06,1.30446681e-06,0.288080381,4,CCM,0.200000003,3.0999999,CCM,0.0280845341,3.1
object,4038459418,53.0937243,-27.6201175,20.4362396,galaxySED/Inst.25E09.02Z.spec.gz,0.384,0,0,0,0,0,sersic2d,3.51344132e-06,2.71318831e-06,2.00813046,4,CCM,0.300000012,3.0999999,CCM,0.0299897241,3.1
object,4259816474,52.8570095,-27.2862729,21.1875462,galaxySED/Inst.25E09.02Z.spec.gz,0.63,0,0,0,0,0,sersic2d,1.14709956e-05,5.04462382e-06,1.08050105,4,CCM,0.0,3.0999999,CCM,0.03014422,3.1
object,4272891930,53.065741,-27.286997,21.6234631,galaxySED/Inst.25E09.02Z.spec.gz,0.546,0,0,0,0,0,sersic2d,3.24572519e-06,2.40697949e-06,-0.757649872,4,CCM,0.0,3.0999999,CCM,0.0220109613,3.1
object,4394320922,52.9272949,-27.550093,19.5914616,galaxySED/Burst.50E09.04Z.spec.gz,0.436,0,0,0,0,0,sersic2d,1.01244409e-05,7.21373199e-06,1.00317773,4,CCM,0.400000006,3.0999999,CCM,0.0251841236,3.1
object,4400539674,53.323356,-27.5174959,24.8030838,galaxySED/Burst.25E09.02Z.spec.gz,1.79,0,0,0,0,0,sersic2d,9.31117227e-07,5.08933592e-07,1.92123226,4,CCM,0.300000012,3.0999999,CCM,0.02312261,3.1
object,4413205530,53.0678084,-27.4822443,21.7335819,galaxySED/Exp.25E09.04Z.spec.gz,0.714,0,0,0,0,0,sersic2d,9.69737258e-06,9.47928701e-06,-0.0535481326,4,CCM,0.100000001,3.0999999,CCM,0.0289283518,3.1
object,4459341850,53.0868727,-27.3970793,20.4434952,galaxySED/Burst.25E09.02Z.spec.gz,0.554,0,0,0,0,0,sersic2d,1.25428794e-05,5.6264121e-06,2.1676169,4,CCM,0.300000012,3.0999999,CCM,0.0239015766,3.1
object,4514607130,53.0006272,-27.3005069,23.5223431,galaxySED/Inst.16E09.04Z.spec.gz,1.254,0,0,0,0,0,sersic2d,5.82919192e-06,5.50749124e-06,3.10116559,4,CCM,0.0,3.0999999,CCM,0.0249578997,3.1
object,4585055258,52.7622765,-27.4802759,21.2061123,galaxySED/Inst.20E09.02Z.spec.gz,0.622,0,0,0,0,0,sersic2d,3.01075327e-06,2.08416354e-06,0.856407059,4,CCM,0.100000001,3.0999999,CCM,0.0294881282,3.1
object,4779028506,53.0046372,-27.6534697,19.8218788,galaxySED/Inst.50E09.04Z.spec.gz,0.196,0,0,0,0,0,sersic2d,5.29477876e-06,2.85249269e-06,-1.79222974,4,CCM,0.200000003,3.0999999,CCM,0.0296472958,3.1
object,4780760090,53.2457553,-27.4587349,20.7935108,galaxySED/Inst.50E09.04Z.spec.gz,0.456,0,0,0,0,0,sersic2d,2.95694166e-06,2.32551663e-06,0.149106969,4,CCM,0.600000024,3.0999999,CCM,0.020557127,3.1
object,4940666906,52.7891612,-27.4043778,16.9841942,galaxySED/Inst.62E09.02Z.spec.gz,0.084,0,0,0,0,0,sersic2d,5.8753921e-06,3.98967032e-06,-2.69577971,4,CCM,0.100000001,3.0999999,CCM,0.0296534052,3.1
object,4949294106,52.8102289,-27.6651271,19.4836544,galaxySED/Inst.20E09.02Z.spec.gz,0.416,0,0,0,0,0,sersic2d,7.09111644e-06,4.38581865e-06,2.56204037,4,CCM,0.200000003,3.0999999,CCM,0.0254262406,3.1
object,5090862106,53.0990156,-27.6239838,20.7034535,galaxySED/Burst.32E09.02Z.spec.gz,0.444,0,0,0,0,0,sersic2d,4.81782212e-06,4.55675773e-06,1.26537942,4,CCM,0.400000006,3.0999999,CCM,0.0299722083,3.1
object,5145491482,53.3366905,-27.5081782,21.6730293,galaxySED/Burst.32E09.02Z.spec.gz,0.498,0,0,0,0,0,sersic2d,1.60173969e-06,1.07881349e-06,-1.7063016,4,CCM,0.200000003,3.0999999,CCM,0.0238946944,3.1
object,5145496602,52.894931,-27.1653516,21.0285534,galaxySED/Burst.50E09.04Z.spec.gz,0.46,0,0,0,0,0,sersic2d,2.7341062e-06,1.57292009e-06,1.63043772,4,CCM,0.200000003,3.0999999,CCM,0.024622694,3.1
object,5200988186,53.0793245,-27.4636188,16.7431845,galaxySED/Inst.32E09.02Z.spec.gz,0.072,0,0,0,0,0,sersic2d,1.741334e-05,1.24261942e-05,-2.28641797,4,CCM,0.0,3.0999999,CCM,0.0277541296,3.1
object,5200990234,53.2117159,-27.4574956,20.9916004,galaxySED/Burst.32E09.02Z.spec.gz,0.34,0,0,0,0,0,sersic2d,4.11121271e-06,2.54722188e-06,2.32919774,4,CCM,0.0,3.0999999,CCM,0.0221624241,3.1
object,5393677338,52.9180656,-27.6098295,22.1646637,galaxySED/Burst.50E09.04Z.spec.gz,0.744,0,0,0,0,0,sersic2d,5.70121213e-06,4.60799558e-06,-2.09392561,4,CCM,0.100000001,3.0999999,CCM,0.0236151496,3.1
object,5472770074,52.8342002,-27.5328861,22.5939507,galaxySED/Burst.40E09.04Z.spec.gz,1.118,0,0,0,0,0,sersic2d,4.13727976e-06,2.86201085e-06,-1.39049474,4,CCM,0.0,3.0999999,CCM,0.0303897636,3.1
object,5818009626,52.7623263,-27.3875744,21.4440502,galaxySED/Inst.25E09.02Z.spec.gz,0.632,0,0,0,0,0,sersic2d,4.23088879e-06,2.88481037e-06,-1.86245655,4,CCM,0.400000006,3.0999999,CCM,0.0281738028,3.1
object,5857417242,53.1372756,-27.5587152,21.8945622,galaxySED/Burst.32E09.02Z.spec.gz,0.574,0,0,0,0,0,sersic2d,2.85989467e-06,1.87810312e-06,2.02941649,4,CCM,0.400000006,3.0999999,CCM,0.0305179606,3.1
object,5876710426,53.2414662,-27.4281371,21.4313969,galaxySED/Inst.25E09.02Z.spec.gz,0.562,0,0,0,0,0,sersic2d,7.30340909e-06,6.20142764e-06,-2.38953202,4,CCM,0.0,3.0999999,CCM,0.020980483,3.1
object,5877047322,52.8955191,-27.453678,21.0792851,galaxySED/Inst.40E09.04Z.spec.gz,0.322,0,0,0,0,0,sersic2d,5.05997384e-06,4.46702181e-06,1.41010683,4,CCM,0.0,3.0999999,CCM,0.0325128974,3.1
object,6088074266,52.8442577,-27.5266672,20.7490753,galaxySED/Burst.25E09.04Z.spec.gz,0.468,0,0,0,0,0,sersic2d,5.97260557e-06,1.55283982e-06,-1.2457291,4,CCM,0.0,3.0999999,CCM,0.0304516141,3.1
object,6116355098,52.7341806,-27.5234272,20.1416573,galaxySED/Inst.20E09.02Z.spec.gz,0.548,0,0,0,0,0,sersic2d,1.04636249e-05,8.22776902e-06,-1.94355502,4,CCM,0.0,3.0999999,CCM,0.0292261373,3.1
object,6304147482,52.9430538,-27.5906674,19.9648861,galaxySED/Burst.40E09.04Z.spec.gz,0.302,0,0,0,0,0,sersic2d,4.37501547e-06,2.827989e-06,-2.55217751,4,CCM,0.0,3.0999999,CCM,0.02492942,3.1
object,6400305178,52.9607364,-27.4866933,21.2348446,galaxySED/Burst.32E09.04Z.spec.gz,0.58,0,0,0,0,0,sersic2d,3.49511862e-06,3.04327667e-06,1.05383155,4,CCM,0.0,3.0999999,CCM,0.0275655209,3.1
object,6545114138,52.7730975,-27.4229755,20.0445675,galaxySED/Inst.40E09.04Z.spec.gz,0.414,0,0,0,0,0,sersic2d,9.98088039e-06,8.09850631e-06,-2.76104106,4,CCM,0.400000006,3.0999999,CCM,0.0292674014,3.1
object,6574688282,52.8930687,-27.1672828,19.6977314,galaxySED/Burst.80E09.04Z.spec.gz,0.37,0,0,0,0,0,sersic2d,4.27940022e-06,3.50874186e-06,1.6743783,4,CCM,0.200000003,3.0999999,CCM,0.0247252613,3.1
object,6584223770,52.8619432,-27.6142904,22.4398388,galaxySED/Inst.40E07.1Z.spec.gz,0.72,0,0,0,0,0,sersic2d,4.83442854e-06,3.65144581e-06,-1.40886136,4,CCM,0.400000006,3.0999999,CCM,0.0265029796,3.1
object,7082771482,53.1677622,-27.68379,21.1959004,galaxySED/Inst.62E09.02Z.spec.gz,0.376,0,0,0,0,0,sersic2d,1.39770408e-06,1.27475076e-06,-0.218275763,4,CCM,0.0,3.0999999,CCM,0.0282289235,3.1
object,7402203162,53.2164351,-27.2605176,21.4313969,galaxySED/Inst.25E09.02Z.spec.gz,0.562,0,0,0,0,0,sersic2d,7.30340909e-06,6.20142764e-06,-2.38953202,4,CCM,0.300000012,3.0999999,CCM,0.0219271813,3.1
object,7691085850,53.0013218,-27.5936542,20.672192,galaxySED/Burst.32E09.02Z.spec.gz,0.46,0,0,0,0,0,sersic2d,4.00061961e-06,3.30742945e-06,-0.40079549,4,CCM,0.400000006,3.0999999,CCM,0.0272171102,3.1
object,8080909338,52.7681072,-27.4312744,22.5939507,galaxySED/Burst.40E09.04Z.spec.gz,1.118,0,0,0,0,0,sersic2d,4.13727976e-06,2.86201085e-06,-1.39049474,4,CCM,0.100000001,3.0999999,CCM,0.0291664478,3.1
object,8103204890,52.8483597,-27.3930307,21.9731487,galaxySED/Exp.62E09.02Z.spec.gz,0.61,0,0,0,0,0,sersic2d,1.68724301e-06,1.07046036e-06,2.70147996,4,CCM,0.300000012,3.0999999,CCM,0.0313103332,3.1
object,8451642394,53.1814089,-27.6720839,21.2348446,galaxySED/Burst.32E09.04Z.spec.gz,0.58,0,0,0,0,0,sersic2d,3.49511862e-06,3.04327667e-06,1.05383155,4,CCM,0.5,3.0999999,CCM,0.0277244518,3.1
object,8621504538,52.8237539,-27.3032223,19.6977314,galaxySED/Burst.80E09.04Z.spec.gz,0.37,0,0,0,0,0,sersic2d,4.27940022e-06,3.50874186e-06,1.6743783,4,CCM,0.100000001,3.0999999,CCM,0.0319537709,3.1
object,8651367450,52.7472496,-27.3673795,20.5688099,galaxySED/Inst.25E09.02Z.spec.gz,0.496,0,0,0,0,0,sersic2d,4.53000431e-06,2.99673556e-06,1.11203514,4,CCM,0.0,3.0999999,CCM,0.029116715,3.1
object,8684649498,53.2809949,-27.4730011,21.1090187,galaxySED/Burst.32E09.02Z.spec.gz,0.502,0,0,0,0,0,sersic2d,8.17982785e-06,5.04300947e-06,1.1221844,4,CCM,0.0,3.0999999,CCM,0.0193278941,3.1
object,8704202778,53.1003499,-27.6180102,19.9638085,galaxySED/Inst.25E09.02Z.spec.gz,0.326,0,0,0,0,0,sersic2d,4.30163126e-06,3.31141209e-06,1.95457154,4,CCM,0.0,3.0999999,CCM,0.0300279365,3.1
object,9399493658,53.0633318,-27.6656497,20.2535271,galaxySED/Burst.32E09.04Z.spec.gz,0.398,0,0,0,0,0,sersic2d,1.36410853e-05,4.21003724e-06,-1.6125186,4,CCM,0.200000003,3.0999999,CCM,0.0297886166,3.1
object,9854738458,53.1905563,-27.6296527,21.1248345,galaxySED/Burst.62E09.04Z.spec.gz,0.53,0,0,0,0,0,sersic2d,9.42884657e-06,8.10484416e-06,-1.57312652,4,CCM,0.0,3.0999999,CCM,0.0268185564,3.1
object,10020701210,52.7857951,-27.526226,20.4362396,galaxySED/Inst.25E09.02Z.spec.gz,0.384,0,0,0,0,0,sersic2d,3.51344132e-06,2.71318831e-06,2.00813046,4,CCM,0.100000001,3.0999999,CCM,0.0309728868,3.1
object,10065366042,53.1651555,-27.3474275,21.5386814,galaxySED/Inst.50E09.04Z.spec.gz,0.588,0,0,0,0,0,sersic2d,6.77558073e-06,3.8679175e-06,-1.74203215,4,CCM,0.200000003,3.0999999,CCM,0.0195975371,3.1
object,10353375258,52.748244,-27.5987078,21.592688,galaxySED/Inst.32E09.04Z.spec.gz,0.648,0,0,0,0,0,sersic2d,3.9450448e-06,3.14397466e-06,-1.07466258,4,CCM,0.100000001,3.0999999,CCM,0.0298479353,3.1
object,10357601306,52.9830592,-27.4379168,16.7431845,galaxySED/Inst.32E09.02Z.spec.gz,0.072,0,0,0,0,0,sersic2d,1.741334e-05,1.24261942e-05,-2.28641797,4,CCM,0.300000012,3.0999999,CCM,0.0287106793,3.1
object,10538150938,53.2357076,-27.2900016,22.7933716,galaxySED/Inst.40E09.04Z.spec.gz,0.808,0,0,0,0,0,sersic2d,6.05598702e-06,5.02692706e-06,-1.07372184,4,CCM,0.0,3.0999999,CCM,0.0225535757,3.1
object,11357188122,53.2958201,-27.5912778,20.1416573,galaxySED/Inst.20E09.02Z.spec.gz,0.548,0,0,0,0,0,sersic2d,1.04636249e-05,8.22776902e-06,-1.94355502,4,CCM,0.100000001,3.0999999,CCM,0.020153891,3.1
object,11794322458,52.9919689,-27.164635,19.6977314,galaxySED/Burst.80E09.04Z.spec.gz,0.37,0,0,0,0,0,sersic2d,4.27940022e-06,3.50874186e-06,1.6743783,4,CCM,0.0,3.0999999,CCM,0.0225734421,3.1
object,11807794202,53.3429052,-27.4010415,21.2975277,galaxySED/Inst.40E09.04Z.spec.gz,0.518,0,0,0,0,0,sersic2d,5.59467632e-06,3.76385598e-06,-2.02753328,4,CCM,0.0,3.0999999,CCM,0.0229873263,3.1
object,11816612890,52.8020408,-27.6228555,22.9531235,galaxySED/Burst.62E09.04Z.spec.gz,1.092,0,0,0,0,0,sersic2d,3.05072598e-06,2.09825913e-06,-1.43017864,4,CCM,0.0,3.0999999,CCM,0.0287439214,3.1
object,11958503450,53.2171502,-27.558191,22.5979981,galaxySED/Inst.20E09.02Z.spec.gz,0.842,0,0,0,0,0,sersic2d,6.24049665e-06,4.80150052e-06,1.10973863,4,CCM,0.400000006,3.0999999,CCM,0.0242042042,3.1
object,12000470042,53.0785638,-27.1832141,21.3970913,galaxySED/Burst.32E09.02Z.spec.gz,0.514,0,0,0,0,0,sersic2d,7.60009485e-06,6.91645233e-06,2.90562763,4,CCM,0.200000003,3.0999999,CCM,0.0229140101,3.1
object,12118736922,53.3192488,-27.4738948,21.2194618,galaxySED/Inst.20E09.02Z.spec.gz,0.684,0,0,0,0,0,sersic2d,6.36814013e-06,4.20770592e-06,-3.03851351,4,CCM,0.0,3.0999999,CCM,0.0225990767,3.1
object,12453613594,53.0141739,-27.3828855,21.2096104,galaxySED/Inst.20E09.02Z.spec.gz,0.576,0,0,0,0,0,sersic2d,6.12189798e-06,4.3769532e-06,-0.254319779,4,CCM,0.0,3.0999999,CCM,0.026765532,3.1
object,12471007258,53.1939923,-27.356759,21.2253212,galaxySED/Burst.32E09.02Z.spec.gz,0.592,0,0,0,0,0,sersic2d,8.53936864e-06,2.39298898e-06,0.733317539,4,CCM,0.200000003,3.0999999,CCM,0.0214958486,3.1
object,12597740570,53.0612362,-27.5892167,20.2823967,galaxySED/Inst.20E09.02Z.spec.gz,0.42,0,0,0,0,0,sersic2d,7.40794436e-06,6.41228626e-06,0.318223439,4,CCM,0.300000012,3.0999999,CCM,0.0295228878,3.1
object,12615974938,53.1957457,-27.6135964,23.219643,galaxySED/Burst.40E09.04Z.spec.gz,0.994,0,0,0,0,0,sersic2d,2.19255405e-06,1.45427396e-06,-0.154587145,4,CCM,0.0,3.0999999,CCM,0.0263907012,3.1
object,13117232154,53.2627628,-27.2775303,20.1921829,galaxySED/Burst.32E09.02Z.spec.gz,0.364,0,0,0,0,0,sersic2d,3.26769976e-06,5.06807488e-07,-0.365806874,4,CCM,0.300000012,3.0999999,CCM,0.024162586,3.1
object,13189046298,52.94112,-27.1811766,19.9356827,galaxySED/Inst.40E09.04Z.spec.gz,0.494,0,0,0,0,0,sersic2d,8.93661672e-06,5.79227617e-06,-1.72844808,4,CCM,0.0,3.0999999,CCM,0.0231409752,3.1
object,13293599770,53.0318743,-27.1517985,20.765736,galaxySED/Burst.25E09.02Z.spec.gz,0.552,0,0,0,0,0,sersic2d,1.20336823e-05,5.86448992e-06,0.95750159,4,CCM,0.400000006,3.0999999,CCM,0.0230290542,3.1
object,13321112602,53.1213196,-27.6694107,22.5979981,galaxySED/Inst.20E09.02Z.spec.gz,0.842,0,0,0,0,0,sersic2d,6.24049665e-06,4.80150052e-06,1.10973863,4,CCM,0.0,3.0999999,CCM,0.0296401943,3.1
object,13890284570,52.7852061,-27.4275446,22.5979981,galaxySED/Inst.20E09.02Z.spec.gz,0.842,0,0,0,0,0,sersic2d,6.24049665e-06,4.80150052e-06,1.10973863,4,CCM,0.200000003,3.0999999,CCM,0.0297206686,3.1
object,14176802842,53.1707534,-27.1825504,19.6977314,galaxySED/Burst.80E09.04Z.spec.gz,0.37,0,0,0,0,0,sersic2d,4.27940022e-06,3.50874186e-06,1.6743783,4,CCM,0.100000001,3.0999999,CCM,0.0223946219,3.1
object,14446630938,52.7959133,-27.2669323,19.6977314,galaxySED/Burst.80E09.04Z.spec.gz,0.37,0,0,0,0,0,sersic2d,4.27940022e-06,3.50874186e-06,1.6743783,4,CCM,0.100000001,3.0999999,CCM,0.034302768,3.1
object,14544366618,53.2281587,-27.462282,18.7305016,galaxySED/Burst.32E09.04Z.spec.gz,0.18,0,0,0,0,0,sersic2d,8.1519858e-06,5.9700049e-06,-2.98062268,4,CCM,0.300000012,3.0999999,CCM,0.0208780686,3.1
object,14964129818,52.8759173,-27.2719086,20.8190979,galaxySED/Inst.40E09.04Z.spec.gz,0.502,0,0,0,0,0,sersic2d,1.06345916e-05,8.36585039e-06,-3.03419905,4,CCM,0.400000006,3.0999999,CCM,0.0291052499,3.1
object,15088954394,52.9697482,-27.6411077,21.3970913,galaxySED/Burst.32E09.02Z.spec.gz,0.514,0,0,0,0,0,sersic2d,7.60009485e-06,6.91645233e-06,2.90562763,4,CCM,0.0,3.0999999,CCM,0.0277893158,3.1
object,15396595738,52.9372469,-27.6452778,22.9531235,galaxySED/Burst.62E09.04Z.spec.gz,1.092,0,0,0,0,0,sersic2d,3.05072598e-06,2.09825913e-06,-1.43017864,4,CCM,0.100000001,3.0999999,CCM,0.0261074886,3.1
object,15498521626,53.0672475,-27.222997,21.5295166,galaxySED/Inst.20E09.02Z.spec.gz,0.53,0,0,0,0,0,sersic2d,3.67709433e-06,3.46421322e-06,-1.72558539,4,CCM,0.0,3.0999999,CCM,0.0226148633,3.1
object,15999139866,53.0388403,-27.520589,21.1791939,galaxySED/Burst.32E09.02Z.spec.gz,0.53,0,0,0,0,0,sersic2d,1.85787994e-06,1.20487378e-06,-1.19423665,4,CCM,0.0,3.0999999,CCM,0.028139512,3.1
object,16094503962,53.0717014,-27.3760197,21.4772133,galaxySED/Inst.50E09.04Z.spec.gz,0.52,0,0,0,0,0,sersic2d,2.77912943e-06,2.61771284e-06,2.0820818,4,CCM,0.100000001,3.0999999,CCM,0.0228115079,3.1
object,16104002586,52.8426525,-27.4626498,19.9638085,galaxySED/Inst.25E09.02Z.spec.gz,0.326,0,0,0,0,0,sersic2d,4.30163126e-06,3.31141209e-06,1.95457154,4,CCM,0.0,3.0999999,CCM,0.0331265758,3.1
object,16105155610,53.2047936,-27.4101072,20.6520657,galaxySED/Inst.25E09.02Z.spec.gz,0.424,0,0,0,0,0,sersic2d,1.92219708e-06,1.46336883e-06,-1.42687019,4,CCM,0.0,3.0999999,CCM,0.0229944113,3.1
object,16510947354,52.9612466,-27.6716655,21.1497387,galaxySED/Burst.62E09.04Z.spec.gz,0.536,0,0,0,0,0,sersic2d,6.27746738e-06,5.63732327e-06,1.84653566,4,CCM,0.0,3.0999999,CCM,0.0299401914,3.1
object,16674477082,52.9548212,-27.5471193,20.7879643,galaxySED/Exp.80E09.02Z.spec.gz,0.45,0,0,0,0,0,sersic2d,1.90625488e-06,1.81947389e-06,2.83620018,4,CCM,0.300000012,3.0999999,CCM,0.0245488471,3.1
object,16719654938,52.9655989,-27.1663852,21.2061123,galaxySED/Inst.20E09.02Z.spec.gz,0.622,0,0,0,0,0,sersic2d,3.01075327e-06,2.08416354e-06,0.856407059,4,CCM,0.0,3.0999999,CCM,0.0228287283,3.1
object,16940769306,53.298486,-27.3237397,22.2753758,galaxySED/Burst.50E09.04Z.spec.gz,1.184,0,0,0,0,0,sersic2d,3.62944015e-06,3.02850031e-06,2.44904775,4,CCM,0.100000001,3.0999999,CCM,0.023689316,3.1
object,17168862234,53.1150219,-27.4871415,24.6638817,galaxySED/Inst.25E09.02Z.spec.gz,1.4,0,0,0,0,0,sersic2d,9.99477378e-07,6.88577046e-07,0.722298577,4,CCM,0.0,3.0999999,CCM,0.0285452803,3.1
object,17434929178,52.8481813,-27.2936217,21.0066246,galaxySED/Inst.40E09.04Z.spec.gz,0.374,0,0,0,0,0,sersic2d,3.27787101e-06,2.26386587e-06,2.41651307,4,CCM,0.0,3.0999999,CCM,0.0317656475,3.1
object,17601890330,53.098705,-27.2689133,20.765736,galaxySED/Burst.25E09.02Z.spec.gz,0.552,0,0,0,0,0,sersic2d,1.20336823e-05,5.86448992e-06,0.95750159,4,CCM,0.0,3.0999999,CCM,0.020577325,3.1
object,17650480154,52.9867741,-27.1901356,22.9690651,galaxySED/Inst.32E09.04Z.spec.gz,0.866,0,0,0,0,0,sersic2d,1.61227942e-06,9.42833918e-07,2.28209479,4,CCM,0.0,3.0999999,CCM,0.0225017247,3.1
object,17738957850,53.0472531,-27.6003991,19.8380455,galaxySED/Burst.62E09.04Z.spec.gz,0.302,0,0,0,0,0,sersic2d,3.72068941e-06,2.69545902e-06,1.59267769,4,CCM,0.100000001,3.0999999,CCM,0.0292909524,3.1
object,17771249690,52.9980068,-27.6130796,22.4778618,galaxySED/Inst.40E09.04Z.spec.gz,1.29,0,0,0,0,0,sersic2d,8.28964804e-06,7.26328931e-06,-3.05649913,4,CCM,0.0,3.0999999,CCM,0.0279241586,3.1
object,17782159386,53.1382659,-27.6592615,20.7879643,galaxySED/Exp.80E09.02Z.spec.gz,0.45,0,0,0,0,0,sersic2d,1.90625488e-06,1.81947389e-06,2.83620018,4,CCM,0.100000001,3.0999999,CCM,0.029395982,3.1
object,17811740698,53.0517357,-27.508834,21.2061123,galaxySED/Inst.20E09.02Z.spec.gz,0.622,0,0,0,0,0,sersic2d,3.01075327e-06,2.08416354e-06,0.856407059,4,CCM,0.0,3.0999999,CCM,0.0284278057,3.1
object,17811828762,53.0828088,-27.4317769,24.3225178,galaxySED/Burst.25E09.02Z.spec.gz,1.578,0,0,0,0,0,sersic2d,1.09069667e-06,8.52568904e-07,1.94084103,4,CCM,0.100000001,3.0999999,CCM,0.0252712432,3.1
object,17818727450,52.9774032,-27.275958,23.0317597,galaxySED/Burst.25E09.1Z.spec.gz,0.72,0,0,0,0,0,sersic2d,8.87411954e-06,4.30103283e-06,1.7555691,4,CCM,0.200000003,3.0999999,CCM,0.0245919617,3.1
object,17819730970,52.7651824,-27.2395935,18.2376923,galaxySED/Inst.40E09.02Z.spec.gz,0.25,0,0,0,0,0,sersic2d,1.13429971e-05,8.60986675e-06,2.73626437,4,CCM,0.0,3.0999999,CCM,0.034076349,3.1
object,17822678042,53.1003317,-27.6779406,18.8982987,galaxySED/Inst.50E09.04Z.spec.gz,0.27,0,0,0,0,0,sersic2d,3.74480498e-06,3.56024478e-06,-1.01242291,4,CCM,0.0,3.0999999,CCM,0.0295322665,3.1
object,17823339546,53.2923551,-27.5605252,20.1416573,galaxySED/Inst.20E09.02Z.spec.gz,0.548,0,0,0,0,0,sersic2d,1.04636249e-05,8.22776902e-06,-1.94355502,4,CCM,0.0,3.0999999,CCM,0.0213770526,3.1
object,17823342618,52.7222801,-27.2960321,18.2376923,galaxySED/Inst.40E09.02Z.spec.gz,0.25,0,0,0,0,0,sersic2d,1.13429971e-05,8.60986675e-06,2.73626437,4,CCM,0.0,3.0999999,CCM,0.0330160837,3.1
object,17829176346,52.9356843,-27.4287735,18.2376923,galaxySED/Inst.40E09.02Z.spec.gz,0.25,0,0,0,0,0,sersic2d,1.13429971e-05,8.60986675e-06,2.73626437,4,CCM,0.100000001,3.0999999,CCM,0.0312964878,3.1
object,17832086554,52.728121,-27.3354752,23.5223431,galaxySED/Inst.16E09.04Z.spec.gz,1.254,0,0,0,0,0,sersic2d,5.82919192e-06,5.50749124e-06,3.10116559,4,CCM,0.0,3.0999999,CCM,0.0305717177,3.1
object,17834571802,53.0120069,-27.5607637,21.2305912,galaxySED/Inst.25E09.02Z.spec.gz,0.54,0,0,0,0,0,sersic2d,3.30508194e-06,2.36375197e-06,-1.08657864,4,CCM,0.0,3.0999999,CCM,0.027339339,3.1
object,17835368474,53.0149475,-27.364128,21.5276131,galaxySED/Inst.50E09.04Z.spec.gz,0.64,0,0,0,0,0,sersic2d,5.43181585e-06,4.82479304e-06,1.64603538,4,CCM,0.0,3.0999999,CCM,0.0261469124,3.1
object,17837303834,53.3127547,-27.390544,20.1416573,galaxySED/Inst.20E09.02Z.spec.gz,0.548,0,0,0,0,0,sersic2d,1.04636249e-05,8.22776902e-06,-1.94355502,4,CCM,0.100000001,3.0999999,CCM,0.0223601717,3.1
object,17840952346,53.0445717,-27.6207652,21.5223736,galaxySED/Burst.50E09.04Z.spec.gz,0.6,0,0,0,0,0,sersic2d,6.80299898e-06,5.91806828e-06,0.689697746,4,CCM,0.0,3.0999999,CCM,0.0293133243,3.1
object,17844662298,52.7584999,-27.3694243,19.4069828,galaxySED/Inst.25E09.02Z.spec.gz,0.364,0,0,0,0,0,sersic2d,9.36534908e-06,6.65472018e-06,3.10316748,4,CCM,0.0,3.0999999,CCM,0.0289709518,3.1
object,17844666394,53.1694826,-27.3920566,21.858664,galaxySED/Exp.50E09.04Z.spec.gz,0.732,0,0,0,0,0,sersic2d,1.48828097e-05,7.13085419e-06,-2.79608378,4,CCM,0.0,3.0999999,CCM,0.0228598702,3.1
