1
8
9
24
28
32
37
46
51
56
61
62
65
77
88
107
113
114
130
131
134
137
143
146
147
161
162
175
199
202
203
207
214
217
227
241
243
247
283
284
286
292
297
304
310
319
327
328
340
350
353
355
367
368
372
385
388
408
412
434
443
452
458
471
476
485
490
500
503
507
508
510
523
524
525
547
573
582
607
616
622
627
633
652
664
668
669
671
673
677
690
697
705
711
718
738
744
752
763
770
777
783
784
795
796
799
804
805
819
824
846
852
858
859
862
865
885
887
889
890
896
903
906
919
925
930
946
964
976
980
991
996
997
999
1007
1011
1013
1033
1043
1044
1059
1069
1084
1087
1089
1118
1123
1130
1159
1174
1178
1180
1185
1186
1190
1197
1201
1210
1216
1222
1225
1227
1254
1267
1284
1286
1291
1295
1315
1319
1320
1322
1328
1331
1335
1345
1347
1367
1382
1388
1401
1403
1415
1422
1424
1426
1427
1432
1445
1450
1457
1473
1479
1495
1497
1509
1518
1529
1539
1540
1543
1549
1555
1567
1572
1578
1599
1600
1606
1611
1618
1624
1633
1637
1648
1655
1661
1694
1698
1708
1711
1714
1716
1724
1725
1738
1740
1766
1767
1770
1798
1802
1806
1812
1820
1826
1834
1885
1892
1905
1922
1930
1948
1962
2000
2001
2017
2051
2053
2055
2058
2064
2073
2076
2085
2098
2105
2124
2126
2129
2130
2139
2141
2154
2156
2166
2168
2187
2188
2195
2225
2243
2254
2265
2275
2303
2305
2308
2344
2353
2354
2362
2373
2374
2390
2400
2433
2437
2449
2450
2455
2513
2516
2542
2564
2570
2577
2581
2605
2606
2627
2631
2634
2639
2646
2649
2667
2682
2717
2718
2731
2746
2755
2772
2777
2794
2795
2804
2815
2816
2827
2834
2864
2943
2957
2973
2975
2987
2993
2994
3012
3021
3066
3123
3143
3158
3204
3214
3237
3240
3246
3298
3303
3313
3318
3325
3360
3381
3406
3420
3438
3446
3447
3467
3475
3478
3515
3518
3535
3537
3544
3566
3578
3589
3597
3601
3623
3663
3671
3688
3689
3690
3701
3708
3729
3735
3741
3750
3766
3777
3778
3784
3787
3808
3859
3871
3887
3888
3909
3910
3917
3949
3956
3960
3978
3983
3990
3999
4008
4009
4038
4048
4058
4068
4077
4078
4091
4096
4102
4107
4108
4109
4110
4117
4118
4122
4130
4150
4161
4166
4168
4180
4183
4217
4220
4223
4238
4253
4294
4307
4318
4335
4341
4365
4388
4434
4437
4454
4483
4511
4517
4519
4532
4533
4535
4544
4551
4560
4576
4593
4596
4599
4624
4626
4653
4656
4672
4673
4679
4695
4707
4708
4720
4727
4749
4757
4784
4786
4800
4801
4811
4813
4818
4842
4893
4903
4911
4913
4928
4967
4971
4982
4983
4985
4987
