1.78889654281 0.657736911227 309.725336771
0.768533671328 0.5303686596 32.2972229127
1.9937056258 0.597976295501 306.511904373
1.64391014431 0.633644743034 355.338335803
1.26493984058 0.912590423791 30.3617182399
1.94724164759 0.814521171074 140.52541303
1.99977989799 0.658144835447 44.3627990988
1.6986740502 0.547472980642 293.325681348
1.46796055019 0.617475063672 64.997634446
0.936947603089 0.768748521184 38.1802786691
0.525071518406 0.751456485293 120.12570262
1.26472628052 0.579093867294 43.9893799948
0.787325700762 0.749412422922 53.8505324503
1.90756092886 0.699477766337 304.580634793
1.43243369467 0.523507790229 340.02147417
1.7849638711 0.763617492186 251.311434745
1.53192012406 0.874494364255 4.57598573264
1.35626628398 0.844015782619 41.7284288605
1.54710391094 0.673064610309 352.006891272
1.46243681166 0.646564207147 242.214183677
1.98360174237 0.622365914521 19.5165883434
1.64359690299 0.59861983386 192.828220402
0.84567799227 0.703500313875 272.765933146
0.839884568115 0.568576115986 306.083810623
1.78929129131 0.966784078113 295.559999489
1.24407201177 0.95742385011 77.8545876267
0.707873779456 0.860933304408 322.735744858
1.06650928542 0.509093971492 107.404925997
1.77747072683 0.761388450261 180.099227581
1.09394412396 0.598771137953 279.128063602
1.51753966989 0.978903453224 161.940303235
1.2374837873 0.755493774918 160.946554419
1.75098448611 0.526641681837 330.92475507
1.41438179876 0.995401891605 205.518022188
1.81748934663 0.854969631304 162.323475627
1.51880766845 0.835498255131 1.86801544892
0.609839665762 0.81404732975 304.309467099
1.20314681874 0.93593523938 82.0217343555
1.38153983049 0.51597495592 77.7472503436
1.49699270346 0.623623900303 334.632422538
1.3218596422 0.887691681425 172.196214138
1.44236267111 0.904260421423 342.579657631
1.27454952608 0.802216477305 41.293148264
0.588400742136 0.731931523252 128.970640168
0.608393902689 0.986314636369 151.393714521
1.60074083894 0.990026661179 303.201265746
1.84863059877 0.859831328682 221.115491908
1.28094870023 0.653675889244 275.600595621
1.19550852809 0.594482223836 324.440534648
0.740299134346 0.638420708905 153.617109363
0.873629780828 0.958502166598 325.433926055
1.14452126226 0.87766660638 351.981968554
1.11360689417 0.644687996913 120.806576971
1.75946156111 0.720738366213 329.748180816
1.88151691789 0.775822977122 251.172308797
0.62760147842 0.901790117104 19.5110722016
0.813692233478 0.859388445255 272.748639809
0.568185830012 0.706087197399 344.80280382
1.50764944009 0.656880745774 119.7682186
0.765478313883 0.936445912452 1.30331833321
0.705298971385 0.985757412408 100.64122492
1.40698242503 0.627098137116 154.916948158
1.65587656692 0.536087443212 108.170826608
0.58685028475 0.805687586298 21.6457087712
0.762336364858 0.560478010161 13.3490496218
1.07723744468 0.908548972082 167.52946993
1.89601543095 0.70096614452 228.989963276
1.77511852744 0.790096726436 245.12487827
0.875785596853 0.538377028619 199.689144156
1.65029651543 0.986095751837 16.649679333
1.34554341535 0.795535063369 245.571545443
1.62562583683 0.620461158881 84.4483268949
1.23958761183 0.923317598787 355.015529322
1.59033063779 0.603802325107 291.861389759
0.821040252698 0.719336248489 262.808946642
0.83723969545 0.767753073213 58.6433070764
1.06383031223 0.954440701441 51.14505322
1.23597018702 0.691592257959 5.82150513061
1.38857682255 0.906666199977 252.071890533
1.65869237362 0.654179827506 209.709023652
1.79729112477 0.845610534103 219.7490108
1.9110839223 0.587416045901 236.108730517
1.88275634676 0.909022501723 52.1815275786
1.37962022386 0.810904963815 36.6276378741
1.29250024762 0.941578415137 185.186257963
1.90376818523 0.503145529452 318.296659335
0.657091185202 0.616922387142 162.73030324
1.95246003235 0.621020907642 207.944667245
0.772968215344 0.861616747533 75.4392071319
0.885178315966 0.981284802521 296.505488968
1.91803020844 0.524547062819 154.290260649
1.4618448156 0.565767886999 71.5765786069
0.586325245181 0.778337222897 342.927360531
1.84650014469 0.804545563179 177.459978385
1.21082786157 0.846004014383 281.769833057
1.69470505378 0.809763143959 247.298532496
1.57947232196 0.511928424856 48.632623327
1.56020727856 0.977532694613 53.9985280892
1.51788707358 0.559980936294 195.277746444
1.06352196019 0.765874881341 291.178622283
1.81302419535 0.5656813257 18.4140708455
0.509751708544 0.820702039227 150.53156127
1.11009092447 0.688656453023 204.051606405
1.88501160265 0.661917479528 20.7008823027
1.15213623731 0.761740449797 144.221038727
1.07429594712 0.552266632042 154.402970214
1.89982579525 0.589254494839 358.893788006
0.807799645829 0.62985319126 22.2780514115
1.27326355365 0.806903325443 36.9363856738
1.40987226574 0.717928655743 115.17888944
0.748454461021 0.920522908322 228.08089394
0.811520695732 0.524860325157 315.142113737
1.22205064964 0.89919440967 16.9189811506
1.96731387427 0.834257050517 218.557568645
0.640306445514 0.756067531852 23.0803555189
0.756104821694 0.635497223411 160.367416912
0.707906488693 0.711935431741 52.6813525407
0.780715272483 0.688064732445 60.5096237453
0.691709796151 0.620454580565 43.0872291125
0.966059700103 0.689846290945 197.65282863
1.91740270977 0.804787048294 286.651579894
1.22684933153 0.745137172041 54.8123025715
0.600256261063 0.832106355999 57.7425483064
1.9869926716 0.603651604489 101.312894127
1.431488254 0.869737004242 284.137320961
1.24869429633 0.987999313936 225.565803067
0.770428710111 0.844075800974 121.158549907
1.49376623887 0.528052824672 163.539545038
0.970100607286 0.599520434945 296.160061536
0.536433211871 0.505023357587 69.4096713429
1.62750821557 0.605334690047 309.103084005
0.547717868903 0.529433063495 142.823780918
0.568966487661 0.715949396538 234.497211907
0.602234812883 0.841884341885 95.2914175577
0.516983827191 0.943645754827 156.150883743
1.02398682362 0.793433377557 164.308211016
1.55294222533 0.884744111397 94.1847343851
1.70301456599 0.572728723272 39.102076985
1.4397235408 0.5845031179 322.947189097
1.26504753491 0.888034027129 162.472665445
1.96277207032 0.832223382279 335.796920208
0.81017000326 0.520729855982 153.943108307
1.29902481393 0.577432217772 134.680422395
0.654776523656 0.85808498934 0.136352829866
1.16285994741 0.705990277727 171.165725707
1.16122732674 0.886707117456 265.531954923
1.55990801707 0.986042963168 303.070291358
1.34310548841 0.746570107932 350.550043577
1.97152740747 0.990411537557 181.950276896
1.0359943052 0.695783945813 111.367497618
0.661770824083 0.80295754363 114.433467896
1.71571523097 0.537313933405 211.533217044
0.944058366969 0.821604800299 47.0784017891
1.83835011531 0.628229324568 318.365181407
1.61261620508 0.865614442094 278.979567215
1.44707106705 0.868380437893 32.1845082325
1.4002140544 0.782776240555 359.601724979
1.73228973516 0.789009799572 44.852919567
1.51878155982 0.526182953867 279.501513793
0.843444420698 0.831698852006 316.738253977
1.75276785873 0.966400253389 207.546582098
1.96999327725 0.601191480517 189.495758905
1.35452617253 0.522839878337 353.228992025
1.1284107908 0.513345494223 163.931066069
1.76045776579 0.622921981641 182.984563768
1.50826449182 0.873425241053 226.765943666
0.632988637828 0.772152087544 274.593418889
0.631350803072 0.643152439899 41.2830844876
0.698412926233 0.741802123245 342.073549203
1.561956918 0.682334850851 90.2093990352
0.692797196758 0.848823283075 134.49277407
1.47391188333 0.681381547055 72.1120446609
0.859574640083 0.643144333815 141.848323613
1.69783143696 0.920888655895 5.05114772258
0.877650512952 0.88439638418 116.025727001
1.28191135677 0.803932843056 76.8776278825
1.75648447819 0.81606029382 305.632802819
0.774906110257 0.589995654071 348.793170855
1.17948702167 0.641144646199 311.98457261
1.91668133137 0.625252157274 44.1111031928
0.635755979747 0.93585354455 223.839927408
0.830342164443 0.553953887642 243.690550604
1.6473619125 0.721120789203 340.489719929
1.00284897609 0.942164003835 157.22225899
1.21870287682 0.862952189499 199.100683938
1.56453106961 0.738090938143 287.336178542
1.47349712769 0.95707355505 272.813914635
1.74737327548 0.515747037575 330.364717152
1.40591845427 0.630776528973 272.098950824
0.569191743419 0.707939138045 230.102322699
0.752198139718 0.885588032863 185.976138659
1.62473353401 0.897568783733 97.1245805523
1.15744172708 0.722188701806 220.428716295
0.56106116672 0.946351189482 190.839994694
1.88577948622 0.621410554307 27.5105858904
1.85497845276 0.682835327027 296.94911844
0.911298983843 0.957403052638 242.921532724
1.14134187293 0.870992741849 209.4513096
1.01238209298 0.601003276848 214.939971578
1.93493691174 0.954553906572 358.505661306
0.514938697658 0.759453924056 29.9838191057
1.14424571403 0.844050720283 151.339958444
0.843961137763 0.928843513527 67.1632540352
1.21176941774 0.555953080294 2.49770814661
1.94201209321 0.525546247606 226.018235904
0.622772150352 0.685710080565 42.3017471236
1.34955092148 0.836810388324 115.726205807
0.942345254954 0.951778666089 218.536514512
0.78569819838 0.602638644578 206.060401763
0.579139143365 0.594012379253 21.6639002999
1.67432229416 0.730223680063 165.334658383
1.1582721209 0.679023709794 99.4028257259
1.51017607528 0.645110210379 31.6566149614
1.94532135454 0.63080134642 208.590664938
1.07745522564 0.622583342851 202.62484632
1.31251161486 0.923868952926 197.201484406
1.18860587921 0.646792367942 78.8882728019
0.71672421825 0.948194202213 263.35163458
1.50614818512 0.629336873045 356.86028533
1.66124003075 0.726252800766 238.856209625
1.54767596969 0.985194747204 307.467983577
0.944802599272 0.593356437509 202.765650948
1.81330209234 0.904158164681 46.7887074823
1.20654709464 0.683994176514 77.9077131529
1.70957432265 0.606133130066 249.340789247
0.709456359938 0.758242512354 351.38361249
0.563507340478 0.512694280294 5.24583256046
1.4927677329 0.628899296838 325.123938581
0.800244035327 0.835832098431 318.038119739
0.908649401116 0.623081581811 120.748445596
1.69197965493 0.579264558509 198.6021107
1.69761333289 0.645451577087 231.822990516
0.954470848755 0.587781080823 341.366217948
1.07981001774 0.881429102123 98.5750367014
0.506689064933 0.877092108572 324.113851065
1.95327709623 0.793040479553 301.649245561
1.26729917185 0.856619014324 267.711247055
1.04984894226 0.770749897122 106.671412717
0.895369310509 0.99151541292 189.381159147
1.4519529617 0.988270218906 63.5291594306
0.725263134798 0.9804708736 194.121105999
1.21291563796 0.830281544383 190.964246334
1.63533195407 0.616288400101 177.614778045
0.666165216341 0.635580608252 37.6891234951
1.73424294635 0.631586205425 0.37911636245
0.544147137202 0.748981118199 152.021542816
1.89797949987 0.988708509301 282.678311365
1.76239583075 0.782625252329 157.402212884
0.945404447913 0.556225951615 69.1316929197
0.828238393786 0.528273972209 152.707560692
0.801927448312 0.676764503025 310.859257123
1.65283804338 0.720551003753 141.422638413
1.91015330271 0.974867586681 336.35864863
0.556662842505 0.751120097225 327.079435237
1.72200501249 0.932359742541 14.45820012
0.862149100682 0.717284924428 32.6044793775
1.97955296199 0.74015340254 21.865710449
1.34193980788 0.578661090706 312.634593579
0.650216970702 0.815709311239 113.136897094
1.02147667202 0.621686830325 358.94442846
1.44059160509 0.96399452119 348.592076283
1.71141244479 0.784487053722 80.8515288662
1.84466878539 0.839172628759 310.066193454
1.69034673257 0.561806196964 1.34397811696
0.824498032952 0.848335119344 133.757445001
1.69388231345 0.717597130422 345.620749794
0.527627952292 0.970453298193 119.839090058
1.60719661887 0.564857769444 118.578012966
1.09182895641 0.536568403522 76.4288837451
1.33126408055 0.71960221223 210.384926705
0.930049551427 0.776697787474 265.193219476
1.47088820839 0.522308889844 205.586625628
1.14537041818 0.951641204772 271.192239236
0.555831651717 0.597684117164 57.829620323
1.52020187155 0.99191373082 62.9901612165
0.793058402555 0.645783275733 35.0342145995
1.67768921309 0.798917155911 50.4108346597
1.41368424539 0.815462277777 216.332316911
0.771448542479 0.545287079545 342.646438011
1.26024323659 0.662221630037 189.146068265
1.48156049693 0.834505760559 42.5573113365
1.59814327424 0.891472730091 256.153964155
0.891924176632 0.763099790275 75.7271274029
0.654964496549 0.706675724433 274.185151528
0.662697614528 0.718796993341 56.3209949428
1.5850600549 0.888499333616 75.6818167414
1.45056730714 0.591896031599 163.026899739
1.95378929415 0.635796368831 151.809661637
1.26485960085 0.820932911827 34.4866576143
0.722540164028 0.930524307849 220.198289816
1.78269573199 0.524398413114 34.2606404468
1.8758451017 0.953101099259 158.908555214
0.53206792916 0.96086506542 133.508804116
0.559935599826 0.528358235106 287.034154593
1.03100610711 0.838624835889 276.753581224
1.57893061116 0.579875183953 39.1032742505
1.63257643272 0.554560715188 343.147818213
1.39003766855 0.621285847292 84.6862118215
1.01396923674 0.665054487887 44.0825138843
1.87022436954 0.546001228725 198.202030247
1.58691028377 0.688334502655 97.5466445174
0.850369573821 0.843437651873 110.139489593
1.75915906103 0.674970675546 81.1506363695
0.889953566115 0.722091295267 219.043877809
0.895100493305 0.921983049858 310.666805528
0.986286366588 0.867672964429 205.095805393
1.04655699686 0.990431795912 16.4117070988
0.620795118917 0.543280217594 179.411828283
1.42498134731 0.887236541621 261.272848516
1.60923924708 0.803795566906 297.293460402
0.809794030182 0.965780563905 233.622816257
1.12760656481 0.51611075586 91.7726032963
0.561588578279 0.819466330713 261.242723968
0.747859407621 0.831806967768 223.285316801
0.791298892158 0.661753205718 343.256479167
0.800966929772 0.83391205858 239.738153364
1.4025982196 0.822325941948 318.335599978
1.09208839703 0.833849261016 62.4629713456
1.90615076078 0.597628296314 266.423274661
0.660277035566 0.765623872159 349.500583322
1.78814980048 0.578942501946 222.787556303
0.633217612062 0.799432198853 301.525031855
0.716550437228 0.608736384359 237.189366896
1.76376603681 0.747168102968 329.578134941
1.9063761797 0.705691955572 93.0709123948
1.90631562543 0.589120570739 208.421614443
1.16181759593 0.698385416961 232.477177144
0.585728345724 0.559546368498 274.34164832
0.90574244858 0.57288069517 137.105348292
1.65474090222 0.525866304832 59.5583829933
1.38080172488 0.504492753497 228.176356601
1.44530711294 0.976668650299 239.930383046
1.30808248366 0.56682089377 171.588628845
1.89484646914 0.577618003134 135.592200025
1.97402962585 0.947885689942 96.8671223278
0.506646118457 0.833221340803 330.026708217
1.67436347747 0.754038964468 96.3058699826
1.89284041357 0.532315101971 321.870943335
1.17307311127 0.509030574374 324.012563546
0.507765089768 0.531975512928 194.532707941
1.89190071435 0.587554793529 244.022249661
1.57006734471 0.815660308327 312.817152428
0.586152457423 0.854158487253 265.016635817
1.78078260489 0.966230708044 330.722915882
1.79214047598 0.569352958747 146.977593273
1.00276318045 0.73844235527 23.9674004435
1.34469457642 0.914076084661 258.040344073
0.694122122287 0.575589226926 293.077104482
0.716828934357 0.958793752853 251.394825085
0.743189726217 0.760075950857 190.347532163
1.1850047774 0.845932258494 330.179330404
1.57303979218 0.502173685684 315.927803497
1.75422079433 0.586550842596 256.353860433
1.5271225574 0.504021399191 18.6600531666
1.64438106801 0.953341445892 355.174353224
1.52459498901 0.961955890978 66.7289225359
0.708180742651 0.700940036899 325.167784729
1.37524573174 0.673111581194 269.957286084
1.46079424843 0.832380462583 286.146240799
1.68618977571 0.943853114775 90.260439514
0.650798390489 0.85287569036 200.732729299
1.82484573593 0.574689201261 48.6678484672
0.626976196943 0.917144597372 45.3147831119
1.49708252963 0.786847680359 176.751796148
1.90866437269 0.824133272429 201.650232357
0.89976967205 0.756331016146 184.024566572
1.69681803147 0.958309959599 159.682673174
1.20060074537 0.539139361943 37.7684424349
0.711607865912 0.772149728041 255.866845208
0.70023226515 0.520301498582 92.558188492
1.2568795736 0.543522014662 22.3847159943
1.25122218606 0.718667931409 197.455518258
1.76364709189 0.831887586317 44.5146789282
1.34529222409 0.611536465926 15.950376792
1.56949691124 0.64223787975 238.113232534
1.77146858188 0.64156276377 273.994183744
0.831147139762 0.879252322248 249.919112567
1.36171609036 0.510259390787 320.509183799
1.86818858119 0.876564716305 26.6388104717
1.77949760679 0.902439284111 160.054465017
1.01311377608 0.847728206334 243.568351405
1.37028407704 0.880901518499 261.34942212
0.849564673746 0.727146715836 68.5890521768
0.589338064177 0.711674065844 84.0892753873
1.81720541296 0.615548578179 293.640838325
1.71209748725 0.72355740248 101.445461034
0.724805842885 0.59830478725 36.2462755958
0.534524182218 0.911143056795 75.0805469378
1.56145671384 0.718645313228 229.102131386
1.20199970144 0.939167346535 159.790814027
1.33326788882 0.588880636788 253.592669991
0.77826044625 0.876617095891 87.9961149325
1.26561913475 0.842448969727 237.074308723
0.972730284521 0.826916893891 155.956788768
0.615802578228 0.727800844244 150.061441652
1.82237915232 0.680881602461 309.879540192
1.15387418651 0.783712368419 319.447082778
1.78816869386 0.81015594856 127.856343949
0.645801881831 0.54644135394 143.789329249
1.51400114734 0.686022820673 9.73577143456
0.527159504076 0.976669451003 243.572204846
0.762133779146 0.532235520877 53.4032505662
1.85735145591 0.695105799233 18.9554380728
0.953999290786 0.69797575535 19.9231275003
1.74724407388 0.799133361741 323.363890633
1.55974963891 0.68184671891 276.652354874
1.09374013861 0.97057642278 234.816524402
0.676000865998 0.734630339043 87.3553546921
1.90811384636 0.89634282731 191.504922836
0.762391109034 0.794294079943 45.8766005915
0.759302867748 0.925461935609 95.2313720391
1.84997181031 0.76736289317 245.568896733
1.17376014531 0.937231450527 57.7622860679
0.845439059272 0.669095549148 7.99389097323
0.941857919773 0.627397407963 229.832322743
1.93569344279 0.960108877347 210.102576559
1.86849864184 0.593552843072 322.715270615
1.25713033977 0.604751388336 172.189479602
1.2905773008 0.745949388044 155.826266598
0.846994142467 0.615456087262 112.468581161
0.692906742599 0.85759070232 326.085802978
1.617931804 0.727303926708 207.936807792
0.622369203093 0.758253659567 285.138243155
1.27619188248 0.949262003585 286.580005867
1.17128393271 0.926897937762 231.700600279
0.660534218449 0.880015292974 9.20036591911
1.81630281902 0.634660358907 196.689656694
1.28093283815 0.625160199432 304.516778758
1.44865750788 0.967224133574 314.399874901
0.532024914168 0.518193895945 172.560518485
0.520172398447 0.653093943912 118.567737017
1.7631084392 0.916485730095 227.659570336
0.755625762154 0.524264707219 113.02118049
1.62672868789 0.953066379977 251.287039639
0.551066784515 0.636842385197 0.731607502734
1.49768119685 0.509069239868 16.9644276442
0.748364068264 0.804203390382 232.255208598
0.649266726881 0.772308369316 327.645827909
1.68740599132 0.777073934622 285.014852871
0.605301464781 0.785171027866 166.319624516
1.15073431063 0.67109158662 305.994015363
1.95717312653 0.514898224476 259.81261524
0.615670998514 0.908822779887 75.1173755937
1.65314655422 0.908777438229 285.469386343
0.50041564017 0.868226221079 232.905904718
1.30294933537 0.563884129114 255.981377566
1.16264978002 0.723149620906 170.187479638
1.7213381298 0.994259760543 48.4572304172
1.05205090347 0.793451785129 250.698725743
1.22364666555 0.513149620972 167.104756784
1.0670316861 0.568599046206 55.1598365117
0.57018988701 0.719874276329 197.666338986
0.627321188083 0.679982345847 302.432458008
1.89106895694 0.572351675691 359.6145315
1.71788727658 0.534436795674 331.184398489
1.83951407432 0.900690184942 107.596579304
1.34853228822 0.645928967446 239.540106097
0.930755562769 0.920863897772 331.368657181
1.9981090126 0.782270516939 186.45318217
1.95999065797 0.566632990362 343.583076478
1.10542789175 0.723605702531 222.657348117
1.15675376739 0.885752446602 252.252359087
0.970041745091 0.583596927959 124.089528233
1.88540859659 0.666504313621 235.804162873
1.17117611109 0.851579000357 126.818657705
1.62553438642 0.565350186377 286.317678703
0.750380745535 0.773020256923 233.246207558
1.88265407747 0.773782246833 289.09391558
1.38843305302 0.836729071724 312.938852307
0.751601405592 0.726711402523 223.919403156
1.84257147103 0.718656117721 187.556857083
1.02800607698 0.758379775922 115.53918456
0.976416864491 0.761251748723 125.584039972
1.92143771492 0.531311369594 113.128171403
0.786920862784 0.796561452577 266.351959454
1.98044042205 0.980341588873 337.593037869
1.12258892272 0.743810744072 130.909098841
1.00861424729 0.856561590796 114.725778862
1.92812487293 0.632885339902 141.829209973
0.968698443526 0.961581770891 232.392996387
1.50841180793 0.501799787716 292.129307514
1.76958977153 0.80087531428 204.319903348
1.10921204864 0.541530396977 161.787034864
0.712907195955 0.945358735409 167.80162085
1.02807792213 0.714770514794 350.468387313
0.586181179499 0.86900548181 329.170794431
1.79695761689 0.693796029705 48.2189493156
0.575478136844 0.831479447715 48.6415604337
0.95463864246 0.863487878199 9.21766242009
0.67650866184 0.652234903493 81.2735919771
1.65372930974 0.584918237315 110.033297043
1.52194319482 0.782084748756 24.3906403921
1.22836027777 0.882447919038 265.558920498
1.14781852309 0.852973970497 5.29146790896
1.03309609616 0.619589984074 168.97551867
1.58638534454 0.528378571444 112.210752412
1.41789191526 0.54415350147 183.199411881
1.42502813457 0.743173304582 230.903261768
1.61493952732 0.700632314936 116.658755687
1.54957225695 0.866005197743 321.347686128
1.12137227347 0.658217657195 337.474687903
1.4073424513 0.660773960058 25.3790246467
0.739880832872 0.895557136473 155.006144609
1.68269238617 0.854247465598 308.348443054
0.910947811276 0.77069594982 20.7334805718
0.667722531191 0.648454400803 9.7990329734
1.25394433801 0.925064358542 11.1596089784
1.68801547543 0.885337329075 131.800230831
1.40102355519 0.880609340747 130.522875768
1.35230537687 0.711015249947 197.892749954
1.10526012518 0.591578203971 184.56941449
1.0773234443 0.962208886695 115.107671966
1.48030045151 0.587751054652 250.368530593
0.535122147767 0.737655052094 353.373428858
1.78286139458 0.556066144659 349.64627226
0.652296565444 0.903543868446 342.567548844
1.75333334671 0.881284357432 136.437972053
1.89552401796 0.682169233559 243.704494185
1.07674037621 0.784714249538 156.819511064
1.26214047361 0.549296357227 356.715711263
1.9605379083 0.613481474954 69.6959939394
0.665654357445 0.595219011617 160.897035791
1.30469446413 0.585728394298 264.631515562
1.47428139382 0.906830676676 176.947120376
1.40384655341 0.614736491175 228.695020593
0.934289530215 0.626967089695 98.9430764968
1.55050982506 0.944899738489 33.0521352175
1.62934079366 0.78306195978 202.723305457
1.88755166821 0.661395536229 266.054739529
0.755797737942 0.718268656853 245.686473612
1.07828628041 0.648220091504 303.268647135
1.63983976775 0.609141851667 314.666448826
0.705720279166 0.641108580404 202.354713823
1.46321775976 0.726690227668 170.884480946
1.80331352175 0.519619780765 16.3295150517
0.954691012751 0.736084903235 27.9574661824
1.12176931833 0.856973982477 102.606696499
1.7254427184 0.683619527208 255.190324214
1.51122902461 0.743344014818 330.202883494
1.36392833785 0.583418110236 94.5877114067
1.54876662691 0.940723881896 241.982145185
0.661682276684 0.934343777748 165.906217368
1.21112450594 0.803502479568 147.436093298
0.892720365349 0.977298968762 57.1061718796
1.46061826512 0.654438174733 244.697115779
1.2628650879 0.878188317362 48.0541575713
0.987316235542 0.931558224633 228.617148199
1.69895942321 0.661255871856 342.846345086
0.762777737101 0.734358017536 200.622554874
1.20309858617 0.797245840921 265.10867006
1.53594521043 0.614394220109 143.148672918
1.84272027386 0.965573073575 214.145759869
1.79811055739 0.563300150331 329.097697511
0.952538302889 0.541085988289 140.459847062
1.35718623122 0.611110965793 239.360002572
1.57390249007 0.701407247778 23.5234394408
1.03613874414 0.630580794636 190.65263713
1.05868721999 0.506729218434 52.715464039
0.80832391134 0.507976530289 190.89067527
1.02755007881 0.658422102278 100.505236783
1.33615886376 0.518836835897 19.4495242166
0.636357444226 0.676590011388 310.901328792
1.23959082917 0.94135039989 283.465058754
0.688232934888 0.655945877964 201.224592289
1.5149315781 0.641427639288 66.755346079
1.70202891445 0.868793409891 68.1092663101
0.991588150986 0.563049281806 5.62471580089
1.91757101675 0.796642542531 268.901441424
1.71117506296 0.68773405493 61.1180553526
0.851868284119 0.766246545147 22.0402130943
1.24352034736 0.504182857775 180.858519629
1.99218518013 0.897868449281 215.510982058
1.09157093386 0.756155264248 332.304064338
1.34033413121 0.564257544866 342.590200661
1.65840943458 0.970623900976 325.2734638
0.901044478884 0.606962996573 355.598086754
1.19040617709 0.810615243149 129.191833385
1.64685594912 0.99352574769 120.56256431
0.670641483919 0.841395016058 62.5945134289
1.6689940751 0.82731539319 150.179365836
1.98343298606 0.915461639986 47.9442782684
1.87997390389 0.522872338096 108.71453258
1.38570229343 0.797598586433 190.7871099
1.56736400745 0.719504923232 224.5825364
1.67542769697 0.652618384565 314.923126618
1.7808721954 0.812790612697 122.19730888
1.22212612688 0.73933123339 236.726984085
0.878357944917 0.925452296617 295.214079624
0.765856358065 0.940750013164 333.924418918
1.21044392264 0.646661492524 353.322004319
1.74749969856 0.732601354414 103.202857385
0.588285536638 0.628401830349 135.613311041
1.58167100613 0.750589447273 111.693127449
1.62309883459 0.789088947744 211.492201267
1.09444790319 0.800214650981 335.644627812
1.06902515838 0.797919054456 354.998609749
0.962996395743 0.970501052271 332.91620811
1.04872306937 0.6428519358 144.679568666
1.58871666069 0.604580279574 306.326371589
0.577000836244 0.629507553148 195.603497454
1.58345542592 0.855652896197 207.418325499
0.923413424322 0.87374936489 344.016631841
1.44750674074 0.978972134057 245.135343157
1.54002611476 0.554904175217 307.212152167
0.867994019456 0.976207296592 135.562753951
0.763094016558 0.729880345687 216.741655365
1.98239153671 0.868604226389 118.799766444
1.76436828786 0.698650491956 105.361252319
1.82499950064 0.512156526195 318.942090329
1.75534434068 0.965429761101 133.787664269
0.773629192887 0.666971172077 229.450925619
0.636562860582 0.762076864828 74.6481943727
0.873616823179 0.500955548694 168.167296952
1.08499355228 0.983601914429 143.893000725
0.795107388524 0.880211084748 85.3340332241
1.47576883687 0.990234138134 265.215500075
1.30257865811 0.990349582949 301.769767086
0.667964277615 0.595482636401 270.625014386
0.75309461837 0.673520362023 22.950698238
1.7009757593 0.627468951888 117.303088168
1.76677666076 0.862153365965 298.778004936
1.61565178364 0.972014785776 64.1126805981
0.624054923738 0.500767142299 56.4853761067
0.72437293308 0.831953413859 321.711965096
1.25719714448 0.936837003001 253.945038808
0.653484998381 0.908925377546 96.3718834269
0.983330431842 0.693953935855 203.34406022
1.80048498378 0.561925289406 213.852407942
0.525288881958 0.860110981522 119.896363059
0.678024133119 0.605732969625 323.650389639
1.30047656538 0.555949129778 330.525336853
1.71976537797 0.681814519737 83.0771973127
1.49329139687 0.710405676223 48.6138039708
1.23046214296 0.531192080177 281.282071502
1.33814083791 0.667321074642 66.2578413112
1.44562518875 0.664836744628 39.5183772461
0.631243339628 0.651408660801 223.089548736
1.58191427074 0.632147476207 107.891697343
0.861797894164 0.905390897505 254.602955592
1.30112967939 0.828977377184 115.559825494
1.23742491214 0.665283282443 271.27356093
1.22123902419 0.671974915938 30.176616458
0.987700211372 0.763772561617 206.988831141
0.536783841739 0.719261493585 153.833519128
1.05450725365 0.837492038088 92.677746471
1.20836786822 0.782262754232 244.050467319
1.62553604005 0.843887051599 101.946223067
1.78217729407 0.763234819027 264.305535843
1.15316261649 0.520368310306 16.2675324032
1.3567747145 0.535685921536 157.722069878
0.544825568994 0.879019671937 136.032635269
1.45793585634 0.898672047655 175.711063022
1.65534106712 0.883398758204 41.5765169142
1.69851868851 0.726826268313 199.892537933
1.45405258226 0.786335920665 192.649780883
1.95872613645 0.977849010444 347.691828144
0.636066931688 0.67359896246 33.4775073819
1.10801860495 0.967214770131 108.030573984
1.1021858743 0.749732868306 295.861410163
1.60670517359 0.590042608255 22.2243103383
1.16693936786 0.791188902681 347.006026673
1.6181019357 0.63808890475 170.192971094
1.08909410699 0.586540665193 280.843709045
0.715721727432 0.919347578786 152.649459025
0.942664862848 0.972783004783 164.107104097
1.74645969049 0.645388006598 198.708650431
0.963170503908 0.993215751339 160.216443294
1.55098140908 0.611039100923 270.097963195
1.232677475 0.887364546098 328.93194736
1.63096087166 0.7924962153 176.397972027
0.734781922708 0.967246306643 159.174137508
1.82954616745 0.571349460276 331.808240392
1.86283941348 0.901424552163 264.094533359
1.40649117778 0.914686149372 196.43996901
1.50467987242 0.961249431449 292.262136558
1.12713695756 0.985717763452 42.0020634231
1.35980224336 0.894967039003 286.860754784
1.43559071967 0.776408816381 233.470760574
1.32614181561 0.58203347572 238.980943005
0.892085975589 0.920196498293 90.6702472132
0.558863218461 0.80547837394 276.476644368
1.2900704692 0.695580220761 32.0933954886
1.49975469239 0.846370641623 309.101171927
1.6319534599 0.737893700247 1.10596186248
1.96133364246 0.692086208335 11.9436023552
1.98910358401 0.604778245146 57.1405188454
1.50423756803 0.840436994883 72.2381361058
0.70894349403 0.963189322185 181.288247558
1.98278861781 0.951717497854 243.46043166
0.998861802756 0.751812422601 36.5726934776
1.19455862048 0.516574384296 169.859909167
1.15612820168 0.639917910972 212.297198777
1.58577119947 0.502498532392 272.185665975
0.923714552739 0.901420702332 334.817083461
1.21913527081 0.947043538329 125.392950122
1.20475791883 0.53357306101 259.723002425
1.01189389299 0.807506611505 355.944337353
0.634003886212 0.999385799378 189.887844949
1.43890222478 0.773157032995 315.286033998
1.25655747967 0.58938712308 1.82408453073
1.41039064491 0.600470499724 121.987484684
1.53840431609 0.508544662466 18.4065739042
1.17938607087 0.736940476039 11.9989046312
0.558219666123 0.529369154716 306.316121985
1.27175622785 0.734393990299 55.7623889278
1.3246962505 0.933728535484 24.697181844
1.49151827649 0.829742653454 95.1322802624
1.63685866608 0.779149487137 43.0334242798
1.76134186488 0.775671040745 271.53439256
1.03422670428 0.66814174898 76.4134781941
1.13982701221 0.88956108327 41.5577372365
0.895016218116 0.760432943574 348.718915535
0.770152614743 0.625288944971 278.50048354
1.49408035381 0.972648947982 353.748255712
1.05203010514 0.717636303193 217.194374807
1.92925692492 0.613410912504 311.550243733
1.05987426529 0.59197008408 296.405149031
1.87715430235 0.681270441529 231.86992182
0.933630631715 0.683265764547 110.162212465
1.02277723197 0.886399843754 304.113123606
1.56384067047 0.64857447915 175.819953765
1.01484180804 0.761559643861 222.410813934
1.50233657356 0.709509504588 202.788390672
1.60521646652 0.887313850852 210.30553837
1.01620088021 0.780678594691 235.082562076
1.76070166076 0.567730940582 329.602115472
1.45422769659 0.55275568661 311.220834321
1.03812381896 0.556320765576 298.092710802
0.682431598119 0.688170152605 310.862195394
1.01032138542 0.89520549115 102.146405286
1.04579780073 0.699600278975 68.8916282394
1.71774729744 0.781359875012 237.086995476
1.0316762858 0.691651429001 196.551313433
1.16249749556 0.881804624193 194.464072217
1.98585082282 0.563751755856 222.375218872
0.864491302297 0.728977902405 115.39744622
0.647184044022 0.530676548119 235.617146279
1.12763962289 0.918111052312 63.8503190328
1.87698232818 0.919136423512 44.820277439
0.936572839242 0.901517309487 193.224311302
1.74526109892 0.867582342384 15.776980366
0.98177965529 0.549138658286 53.9480104005
0.663843988673 0.816125194619 67.7843230029
1.22682773574 0.771109583682 349.086358893
1.7179066292 0.872545518088 230.166475689
0.999035012702 0.568577559188 71.7816524222
1.55688705817 0.875692945084 141.988449831
0.694691102509 0.80648840183 26.5670936447
1.68493852799 0.84881721914 302.959367865
0.6721218959 0.587566375675 168.562012923
0.589714702933 0.931390532409 251.650094466
0.640261038611 0.825403230584 9.52965516291
1.30474612256 0.94416422224 277.967018073
1.85149284946 0.61697608652 252.149150009
0.66418702918 0.572789327882 139.532158985
0.805253443516 0.827048993851 7.84313370965
1.09373160085 0.652566064013 198.061935671
0.878345363979 0.812234922299 3.60420713254
1.29962171609 0.513040566726 68.6062422626
1.74513548406 0.545962913272 204.914164115
0.730847485597 0.72444014363 266.707620026
0.892929783087 0.602361000661 264.032455604
1.68552575918 0.97238280234 39.9340359824
1.11260984761 0.684605864189 30.1633741548
0.821950625324 0.959585445811 273.383503722
0.875235752152 0.639141154239 263.930951249
1.1315416926 0.989031227543 279.175826043
0.968509804854 0.670155117761 272.922196867
0.512148801772 0.611606501158 222.980342666
1.26894562453 0.671460593366 278.146489885
1.80556424495 0.734019954285 28.7424100662
1.44728132569 0.668396054106 244.07153309
1.12495750482 0.520366447993 10.0984535869
1.62662435113 0.653548102281 211.032288769
0.532271238492 0.903182048848 94.2662934416
1.0233366756 0.678925448463 81.6561458682
1.09065297958 0.692418960234 311.592820786
0.715261203925 0.742784578054 344.905891497
1.35544848968 0.611924331371 28.5710528586
1.4003633065 0.675265736542 285.759388853
1.77714283119 0.812533086456 93.0060676671
1.59884725446 0.661813684107 259.076894993
0.78409358734 0.948779248015 81.5213358299
0.631797092347 0.62219345397 112.613016671
1.03278660656 0.586172668982 204.906016226
1.16708424394 0.67513087339 150.082602197
1.08321117512 0.850958087826 350.434852092
0.967735092094 0.808303691716 66.9308001086
1.1533701813 0.943391829219 106.186328974
1.47274436909 0.924370122288 65.3386633296
1.26341405766 0.515155133329 311.418552256
0.677338932909 0.721730629961 201.314572401
1.57250602124 0.865120437405 289.487339454
1.82459576353 0.706591013534 201.483460319
0.548409231253 0.869528372531 110.238206122
0.509348053317 0.89073833803 214.518799166
1.33749918899 0.889248072653 31.4148835361
1.98980311232 0.592166697799 120.195059903
0.86730759405 0.539585252263 116.733777958
1.07388770247 0.860121946825 206.327132726
1.39413634925 0.715905223225 264.329732072
0.554754368003 0.845167947828 148.158021663
1.31780381962 0.646139961633 71.0777805176
1.81378484516 0.958104362529 259.197589498
0.891130208431 0.90914222436 357.304209626
0.544028607902 0.810020293762 28.019185521
0.907539575304 0.694201011799 67.7053024233
1.32961922734 0.618583580547 281.06664514
1.45895739623 0.704841217134 255.385021363
1.10830914565 0.944974161223 190.23598973
0.728643401209 0.847207397376 11.5092842054
1.92999478539 0.857643210333 276.162257485
0.683804744857 0.65661653773 124.458018221
1.57055246273 0.983335598533 290.306258376
0.995167891825 0.874486883223 172.923533278
1.9876993079 0.829452717831 246.204606013
1.14059435795 0.934406664605 75.2337147048
1.68665335187 0.596261702336 243.45970985
1.95134807368 0.640505207543 22.5759703848
0.637807011442 0.50777877752 298.328856212
1.46401698895 0.837471041666 300.770798137
0.626646779212 0.931213741086 249.375151743
1.32973024268 0.84298799062 313.083731362
1.15755857606 0.976864480287 100.277029188
0.665498404641 0.81022312169 145.636972609
1.26934927474 0.60157287374 154.863838045
1.38707598631 0.598700598538 141.343391628
1.06415536019 0.871398051865 4.92304773924
1.64537507766 0.901293679605 264.706865233
1.03105404583 0.719597937292 37.9013528377
1.97758003555 0.725975885516 98.0907571177
0.808707641753 0.78916352829 67.9018515414
1.99509095354 0.623952080647 155.797759281
0.717137682774 0.980685222527 301.296698182
1.56243005056 0.706405218684 346.379365166
0.941241317979 0.517672468293 59.2297086158
1.96770627788 0.550870059696 108.304132209
1.4417738564 0.988666584312 20.4882658922
1.24193854353 0.579233909051 15.8977572253
0.742087306478 0.648696288697 355.925845859
0.718444814521 0.638528363715 321.933530759
0.934262498595 0.976104907365 168.86462552
1.29804751906 0.784135751491 193.571451257
0.812709655928 0.787144577803 353.565603064
0.829815024978 0.564096787079 188.880080239
1.82544647774 0.620512137693 48.0523316142
1.65858989072 0.953847533881 205.788872374
1.6449074545 0.664360110207 93.8815517247
1.50764757113 0.777978347941 318.858488424
1.69652739339 0.581683283334 97.1682990189
1.65115200462 0.90970511429 353.74708665
0.531829881545 0.767506433979 283.176867578
1.1393433538 0.992103658587 352.896720263
1.73401631023 0.90813447104 241.057736813
1.96453813213 0.79087577346 353.92961171
0.963724645483 0.920173972377 299.479833297
0.883148069479 0.928410743577 15.5698870568
1.56288372784 0.785620925112 132.83660972
1.90440026726 0.733923162177 336.939013795
0.573999454324 0.639634548635 185.991612398
0.885968756344 0.648819493334 229.845734689
1.44900967618 0.92344486238 344.725508409
0.803831033211 0.952300721065 146.481232764
0.681926004027 0.549289696507 120.688359077
1.26539157757 0.619729987087 165.637693523
0.517930547564 0.913417000366 325.668730888
1.61735662239 0.603259496782 277.993376882
0.706176078353 0.7345354843 32.0167529058
1.88405824967 0.831212995457 93.0614157648
0.956175666191 0.79313262007 268.318464917
1.7488964513 0.738953149053 308.12093894
1.57832436581 0.529156515332 64.3998506529
0.674865015354 0.626256552319 317.320771154
0.693446663463 0.710735314927 135.592640012
1.0054178578 0.624031975367 64.5141114742
1.71221203105 0.896173423032 276.815984431
1.6366365509 0.716005426106 167.157172801
1.72712816431 0.919944918033 241.595338298
0.872437498752 0.945046227703 70.5686220853
1.01164528578 0.568040758225 92.6705201936
1.65038870225 0.776961862668 249.925837098
1.75021366341 0.900316219126 179.10763647
1.09870224647 0.56270761684 16.6937917631
0.690551155858 0.632143228311 246.808191495
1.94393672627 0.969792014279 145.522131241
0.640761227046 0.921933074042 340.910052166
1.34421907527 0.610252794938 4.91316479045
1.86792405111 0.761511437358 273.536140759
1.88276530034 0.764467863629 148.996139816
1.11129720187 0.572057932462 231.796895445
0.635801953198 0.624403642531 88.4861957756
1.3385486085 0.849808604312 65.342639244
1.94916928063 0.686827846492 61.402406236
1.67014123444 0.772797583947 343.805077425
1.84417439895 0.941226036209 157.025304347
1.13830706869 0.720778670382 190.688131877
1.01376589711 0.594944506747 5.04802766966
1.93454370405 0.810871050853 346.516991081
1.59385396103 0.560790183091 238.282362051
0.60656685533 0.909885075552 203.250578722
1.10722513617 0.904935533384 171.833879611
0.962396428066 0.509709728265 336.452469439
0.901011178364 0.950421220087 265.759972171
0.924049188695 0.796076575822 221.654366586
1.35630815656 0.86901464639 24.7356482341
1.71847952378 0.884503472525 171.453559086
1.44202996282 0.503368414703 17.9333312351
0.916440324457 0.847923147231 115.559980971
1.13628323993 0.54182837451 156.776142503
0.630911878692 0.932594976192 56.9435558947
1.8534874073 0.899961636657 86.180031565
1.08518366656 0.649109418975 106.974013493
1.14599601246 0.69294419255 306.086169709
1.89691606295 0.778665050432 346.584373965
1.12723545281 0.574731511852 103.257446069
1.03072985444 0.966577157357 93.2565760736
1.11653294633 0.997287434205 87.6016047496
0.776615102339 0.615251337147 265.646494423
1.36497895294 0.90586395922 131.741459861
0.741713680286 0.666120429055 139.882133858
1.78446016252 0.815523473933 51.7983238931
1.58226730394 0.527088950046 144.993106411
1.82937821026 0.776708810737 222.301873039
1.99235411182 0.925140851986 191.766700964
0.947493738203 0.95048286589 79.9554556622
1.6809632751 0.993807628888 277.625934218
1.78468682747 0.631854042881 202.918940952
1.9314233677 0.764636813161 143.24488152
0.686223091304 0.825459808805 76.3218089288
0.791985115485 0.63247083291 289.730382255
1.57212749692 0.976256906074 26.007382404
0.69323325106 0.838628155301 137.780423775
1.30724566726 0.674272661549 141.024979481
0.801522586618 0.707859932039 35.5102580307
1.8726146017 0.729180945969 311.464832103
1.1281162204 0.715568215621 168.274983922
1.28744031483 0.770643098815 280.891064
1.27627227472 0.525953042255 115.905687087
0.610979252596 0.638548966347 161.941799266
0.842664336875 0.717778754463 310.832995465
1.83179225312 0.718798782909 260.629634914
1.86559028464 0.672287169294 193.081386583
1.82574163609 0.787443132102 307.597977943
1.07754913517 0.574130870645 213.090388481
1.76743960467 0.819082395397 84.6629643653
1.69148196759 0.876199148389 18.1065088901
1.16963094373 0.98251985064 329.870741426
1.00575806223 0.646309940923 242.308348779
1.27418232904 0.541636267076 11.9955069922
0.526985100336 0.863161712844 143.096043442
0.551750150013 0.905721335282 271.609130374
0.527431376325 0.911786921143 149.455507607
1.53868748986 0.555074197423 308.442007419
1.85960782014 0.839634095163 234.448634193
0.954969630236 0.930483505066 243.78644944
0.631632976241 0.962104215855 140.1794551
1.98792925844 0.942579124759 230.638047068
1.58905409369 0.753993562428 99.7711179307
0.609246932013 0.942285635492 120.756235593
1.4426626305 0.682569484331 214.650683308
1.36430037797 0.716626481714 321.555672219
0.651902766713 0.65396094917 276.857037806
1.08593763588 0.635717928125 58.5217803796
0.843621296631 0.898239884288 118.092429776
1.69194716707 0.918819131351 88.4296887904
0.806129326054 0.608653881393 52.5252917002
1.53826541208 0.628125454111 102.803420853
0.604238501698 0.8598982593 42.3786861959
0.664087970147 0.978357624371 141.952864803
1.55137668093 0.543201111171 36.4973748411
0.689207266411 0.811517798726 110.848372492
1.03050461724 0.85906464108 89.8360650259
1.44259292195 0.966421656464 236.756235244
1.48677968193 0.717690778116 15.6441862704
1.94583874088 0.568582629805 305.899017532
1.76081612661 0.737759320602 3.42236741651
1.07738027925 0.949541243027 83.5395072729
1.9229219171 0.704666505734 102.120801338
1.74095572514 0.928218944372 92.0420221793
1.19475768945 0.993202596542 40.3145883049
1.29498197242 0.846852547714 149.822962354
1.14513939587 0.792226046358 324.608546613
1.09363087067 0.626229362795 87.6203294712
1.6154986953 0.774002554311 29.5969452396
1.61467758986 0.698969281554 88.9113106116
1.53792160064 0.634278347414 323.921054812
1.95495226821 0.992608783998 330.069699396
1.00877412405 0.988144462608 32.6735331767
1.47208250803 0.973435577353 183.330318125
0.663093769335 0.683296169406 70.3841207421
0.892199606969 0.509913886119 259.837651527
0.62243457437 0.962751478154 295.265567543
1.7687006712 0.677081806321 51.2863271766
1.75510532371 0.815353129585 30.4857805338
1.15016301153 0.783284312623 72.8816330089
1.46742902703 0.621261581392 92.6603167295
1.81131283128 0.776466543772 7.75838976381
0.698171880105 0.531108553068 174.825308897
1.04548212009 0.885399482892 245.940206866
0.568000816382 0.836734969516 19.9031154045
